          Q2           xp         beta           mx   iData         Data       ErrTot       Theory        Ratio         Pull      PullUnc 
        15.3         0.05       0.0056      52.1233       0     0.054145   0.00811453     0.127791     0.423699     -9.07586     -19.2878 
        15.3        0.075       0.0056      52.1233       1     0.065416    0.0134549     0.144149     0.453808     -5.85163     -12.0357 
        15.3        0.016       0.0178       29.056       2     0.038896   0.00488992     0.102974     0.377727     -13.1041     -33.9619 
        15.3        0.025       0.0178       29.056       3     0.036244   0.00430694     0.103881     0.348901     -15.7041     -41.8856 
        15.3        0.035       0.0178       29.056       4     0.036465     0.004779     0.104991     0.347316     -14.3389     -32.3715 
        15.3         0.05       0.0178       29.056       5     0.038896   0.00488311     0.109393     0.355564     -14.4368     -35.5653 
        15.3        0.075       0.0178       29.056       6     0.046631   0.00708055     0.121778     0.382918     -10.6132     -22.9516 
        15.3         0.09       0.0178       29.056       7     0.051714     0.010362     0.131148     0.394317     -7.66587     -15.1674 
        15.3       0.0085       0.0562      16.0294       8     0.029614   0.00462396    0.0895649     0.330643     -12.9653     -44.9869 
        15.3        0.016       0.0562      16.0294       9     0.026962   0.00309171    0.0837887     0.321785     -18.3804     -53.8834 
        15.3        0.025       0.0562      16.0294      10     0.024973   0.00287819     0.081646     0.305869     -19.6905     -50.3187 
        15.3        0.035       0.0562      16.0294      11     0.026741   0.00376925    0.0823131     0.324869     -14.7436     -33.5187 
        15.3         0.05       0.0562      16.0294      12      0.03094   0.00415461    0.0864887     0.357734     -13.3704     -30.9271 
        15.3        0.075       0.0562      16.0294      13     0.038454   0.00614687    0.0980732     0.392095     -9.69912     -20.0625 
        15.3         0.09       0.0562      16.0294      14     0.035802   0.00746547     0.106707     0.335518     -9.49769      -18.634 
        15.3       0.0025        0.178      8.40566      15     0.030056   0.00319415    0.0780583     0.385046     -15.0282     -46.4736 
        15.3       0.0085        0.178      8.40566      16     0.024531   0.00260699    0.0649617     0.377623     -15.5086     -47.9591 
        15.3        0.016        0.178      8.40566      17     0.021658   0.00249406    0.0599466     0.361288     -15.3519     -44.8029 
        15.3        0.025        0.178      8.40566      18     0.021437   0.00308417    0.0583187     0.367584     -11.9584     -27.9023 
        15.3        0.035        0.178      8.40566      19     0.025857     0.010347    0.0588281     0.439535     -3.18654     -5.62437 
        15.3         0.05        0.178      8.40566      20     0.029614    0.0102513    0.0619195     0.478266     -3.15135     -5.67893 
        15.3       0.0009        0.562      3.45314      21      0.03978   0.00757963    0.0277809      1.43192      1.58307      3.19734 
        15.3       0.0025        0.562      3.45314      22     0.038233   0.00458334    0.0234124      1.63303      3.23359      15.4562 
        15.3       0.0085        0.562      3.45314      23     0.035802   0.00407577    0.0193303      1.85212      4.04138      13.7844 
        15.3        0.016        0.562      3.45314      24     0.033371    0.0128481    0.0183494      1.81864      1.16917      2.04397 
        15.3        0.035        0.562      3.45314      25     0.020774     0.010735    0.0197045      1.05428    0.0996266     0.177524 
        26.5        0.075       0.0056      68.5977      26     0.079339    0.0247778     0.166638     0.476117     -3.52326      -6.4725 
        26.5        0.025       0.0178      38.2396      27     0.039559   0.00658084     0.122026     0.324186     -12.5313      -25.668 
        26.5        0.035       0.0178      38.2396      28     0.044642    0.0077914     0.126248     0.353605     -10.4739      -21.256 
        26.5         0.05       0.0178      38.2396      29      0.05525   0.00814596     0.131449     0.420316     -9.35417     -20.2076 
        26.5        0.075       0.0178      38.2396      30     0.055029    0.0113724     0.143855     0.382532     -7.81066     -15.7309 
        26.5       0.0085       0.0562      21.0957      31     0.034697   0.00653788     0.103766     0.334378     -10.5644     -29.6746 
        26.5        0.016       0.0562      21.0957      32      0.03315   0.00408189     0.100321     0.330438     -16.4559     -40.9372 
        26.5        0.025       0.0562      21.0957      33     0.029614   0.00370329    0.0976094     0.303393     -18.3608     -41.4124 
        26.5        0.035       0.0562      21.0957      34     0.034697   0.00536178    0.0976289     0.355397     -11.7371     -24.5102 
        26.5         0.05       0.0562      21.0957      35     0.040664   0.00581978     0.101134     0.402079     -10.3905     -23.2242 
        26.5        0.075       0.0562      21.0957      36     0.046631   0.00723472     0.112098     0.415983     -9.04904     -18.4347 
        26.5         0.09       0.0562      21.0957      37     0.052377    0.0105271     0.120522     0.434583     -6.47332     -12.8572 
        26.5       0.0025        0.178      11.0624      38     0.030498   0.00399163    0.0873506     0.349145      -14.243     -34.4268 
        26.5       0.0085        0.178      11.0624      39     0.027846   0.00353567    0.0767062     0.363022     -13.8192     -34.6524 
        26.5        0.016        0.178      11.0624      40     0.024973   0.00336228    0.0705634     0.353909     -13.5594     -33.1925 
        26.5        0.025        0.178      11.0624      41     0.020553   0.00294525    0.0681265     0.301689     -16.1526     -35.1963 
        26.5        0.035        0.178      11.0624      42       0.0221   0.00447234    0.0680524      0.32475     -10.2748     -21.2173 
        26.5         0.05        0.178      11.0624      43     0.023205    0.0120568     0.070551     0.328911     -3.92691     -6.90945 
        26.5        0.075        0.178      11.0624      44     0.037349    0.0284064    0.0784009     0.476385     -1.44516     -2.53162 
        26.5       0.0009        0.562      4.54456      45     0.053261    0.0229803    0.0359669      1.48083     0.752563      1.34364 
        26.5       0.0025        0.562      4.54456      46     0.041769   0.00753627    0.0309095      1.35133      1.44097      7.01652 
        26.5       0.0085        0.562      4.54456      47      0.03094   0.00390641    0.0253214      1.22189      1.43829      4.20499 
        26.5        0.025        0.562      4.54456      48     0.030056    0.0181922    0.0233841      1.28532     0.366744     0.644578 
          46         0.05       0.0178      50.3812      49     0.069173    0.0131403     0.150084     0.460896     -6.15743     -12.0509 
          46        0.075       0.0178      50.3812      50     0.048178    0.0166424     0.165153     0.291718     -7.02872     -12.7788 
          46        0.016       0.0562       27.794      51     0.036023   0.00654281     0.113471     0.317464     -11.8371     -24.4314 
          46        0.025       0.0562       27.794      52     0.038012   0.00665438     0.112412      0.33815     -11.1806     -22.7589 
          46        0.035       0.0562       27.794      53     0.034918   0.00590858     0.112372     0.310735     -13.1088     -26.1179 
          46         0.05       0.0562       27.794      54     0.043979   0.00721376     0.115488      0.38081     -9.91284     -20.7557 
          46        0.075       0.0562       27.794      55     0.046852    0.0081196     0.125997     0.371849     -9.74743     -19.9081 
          46         0.09       0.0562       27.794      56     0.059007    0.0103727     0.134271     0.439463     -7.25596     -13.8372 
          46       0.0085        0.178      14.5749      57     0.026741   0.00407298    0.0871141     0.306965     -14.8228     -33.5627 
          46        0.016        0.178      14.5749      58     0.029393   0.00405964    0.0804285     0.365455     -12.5714     -28.5217 
          46        0.025        0.178      14.5749      59     0.029835   0.00514288    0.0773233     0.385848     -9.23378     -18.7258 
          46        0.035        0.178      14.5749      60     0.028509    0.0045173    0.0767312     0.371544      -10.675     -21.8623 
          46         0.05        0.178      14.5749      61     0.032708   0.00538064    0.0786941     0.415635     -8.54658     -17.6896 
          46        0.075        0.178      14.5749      62     0.044421   0.00927176    0.0859502     0.516823      -4.4791     -8.75575 
          46         0.09        0.178      14.5749      63     0.039117    0.0108588    0.0917023     0.426565     -4.84266     -9.84002 
          46       0.0025        0.562      5.98753      64     0.043316   0.00618707    0.0365615      1.18474      1.09171      3.00042 
          46       0.0085        0.562      5.98753      65     0.029835   0.00417978    0.0299738     0.995371   -0.0331967   -0.0894869 
          46        0.016        0.562      5.98753      66     0.027404    0.0041772    0.0277193     0.988626   -0.0754747    -0.161334 
          46        0.025        0.562      5.98753      67     0.023426   0.00586235    0.0270807     0.865044     -0.62342     -1.20008 
          46        0.035        0.562      5.98753      68     0.029835   0.00835849     0.027462      1.08641     0.283908     0.508155 
          46         0.05        0.562      5.98753      69      0.02652    0.0120667    0.0291374     0.910172    -0.216907    -0.375993 
          80        0.035       0.0562      36.6536      70     0.050167    0.0173923     0.124921      0.40159     -4.29811     -7.84266 
          80         0.05       0.0562      36.6536      71     0.051935    0.0143739     0.128659     0.403665     -5.33772     -9.84869 
          80        0.075       0.0562      36.6536      72     0.047736    0.0206119     0.139164     0.343019      -4.4357     -7.98036 
          80       0.0085        0.178      19.2208      73     0.045526    0.0127262    0.0940053     0.484292      -3.8094     -7.09913 
          80        0.016        0.178      19.2208      74     0.029393   0.00713548     0.088842     0.330846     -8.33147     -15.5581 
          80        0.025        0.178      19.2208      75     0.032266   0.00729811    0.0854474     0.377613     -7.28701     -13.7351 
          80        0.035        0.178      19.2208      76     0.035802   0.00932475    0.0844695     0.423845     -5.21917     -9.70965 
          80         0.05        0.178      19.2208      77     0.032266   0.00896821    0.0859793     0.375277      -5.9893      -11.098 
          80        0.075        0.178      19.2208      78     0.040443    0.0188444    0.0926997      0.43628     -2.77306     -4.96965 
          80       0.0085        0.562      7.89612      79     0.025636   0.00561639    0.0332104     0.771927     -1.34862     -2.95459 
          80        0.016        0.562      7.89612      80      0.01989   0.00540426    0.0305767     0.650495     -1.97746     -3.83779 
          80        0.025        0.562      7.89612      81     0.022984   0.00743695    0.0296481     0.775228    -0.896074     -1.70555 
          80        0.035        0.562      7.89612      82     0.024089    0.0108888    0.0297868     0.808713    -0.523275     -0.94613 
         200         0.05       0.0562      57.9545      83     0.035802    0.0174588     0.140119     0.255511     -5.97507     -10.4062 
         200        0.075       0.0562      57.9545      84     0.063648    0.0409655     0.156379     0.407012     -2.26363     -3.93765 
         200        0.016        0.178      30.3907      85     0.032045    0.0116307    0.0948731     0.337767     -5.40189      -9.8031 
         200        0.025        0.178      30.3907      86     0.043979    0.0129167     0.095045     0.462718     -3.95347     -7.25715 
         200        0.035        0.178      30.3907      87     0.037349    0.0148262    0.0945479     0.395027     -3.85796     -6.96123 
         200         0.05        0.178      30.3907      88     0.051935    0.0188618     0.095849     0.541842     -2.32819     -4.22779 
         200        0.075        0.178      30.3907      89     0.046189    0.0284113     0.101987     0.452889     -1.96395     -3.45156 
         200       0.0085        0.562      12.4849      90     0.024089   0.00869132    0.0360533      0.66815     -1.37658     -2.61405 
         200        0.016        0.562      12.4849      91     0.020553   0.00853771     0.033258     0.617986     -1.48811     -2.68765 
         200        0.025        0.562      12.4849      92     0.016354   0.00804992    0.0320569     0.510156     -1.95068     -3.55624 
         200        0.035        0.562      12.4849      93     0.034918    0.0205146     0.031934      1.09344     0.145456     0.258959 
         200         0.05        0.562      12.4849      94     0.033371    0.0168694    0.0329573      1.01255    0.0245225    0.0427461 
         200        0.075        0.562      12.4849      95     0.050388    0.0437681    0.0363619      1.38574     0.320464     0.556725 
