          Q2           xp         beta           mx   iData         Data       ErrTot       Theory        Ratio         Pull      PullUnc 
        15.3         0.05       0.0056      52.1233       0     0.054145   0.00811453     0.052078      1.03969     0.254729     0.541345 
        15.3        0.075       0.0056      52.1233       1     0.065416    0.0134549    0.0612782      1.06752     0.307532     0.632538 
        15.3        0.016       0.0178       29.056       2     0.038896   0.00488992     0.036032      1.07948     0.585693      1.51795 
        15.3        0.025       0.0178       29.056       3     0.036244   0.00430694    0.0372702     0.972466    -0.238263    -0.635492 
        15.3        0.035       0.0178       29.056       4     0.036465     0.004779     0.038744     0.941179    -0.476869     -1.07658 
        15.3         0.05       0.0178       29.056       5     0.038896   0.00488311    0.0421038     0.923811    -0.656927     -1.61835 
        15.3        0.075       0.0178       29.056       6     0.046631   0.00708055    0.0499025     0.934441    -0.462046    -0.999203 
        15.3         0.09       0.0178       29.056       7     0.051714     0.010362     0.055463     0.932406    -0.361799    -0.715839 
        15.3       0.0085       0.0562      16.0294       8     0.029614   0.00462396    0.0290429      1.01966     0.123502     0.428528 
        15.3        0.016       0.0562      16.0294       9     0.026962   0.00309171    0.0277572     0.971352    -0.257204    -0.754012 
        15.3        0.025       0.0562      16.0294      10     0.024973   0.00287819    0.0278834     0.895623     -1.01119     -2.58407 
        15.3        0.035       0.0562      16.0294      11     0.026741   0.00376925    0.0291541     0.917229    -0.640215      -1.4555 
        15.3         0.05       0.0562      16.0294      12      0.03094   0.00415461    0.0323138     0.957484    -0.330679    -0.764896 
        15.3        0.075       0.0562      16.0294      13     0.038454   0.00614687    0.0395357      0.97264    -0.175977    -0.364006 
        15.3         0.09       0.0562      16.0294      14     0.035802   0.00746547    0.0446227     0.802326     -1.18154     -2.31812 
        15.3       0.0025        0.178      8.40566      15     0.030056   0.00319415    0.0292697      1.02686     0.246159     0.761229 
        15.3       0.0085        0.178      8.40566      16     0.024531   0.00260699    0.0243609      1.00698    0.0652408     0.201752 
        15.3        0.016        0.178      8.40566      17     0.021658   0.00249406    0.0227596     0.951596    -0.441709     -1.28908 
        15.3        0.025        0.178      8.40566      18     0.021437   0.00308417    0.0225844     0.949197    -0.372016    -0.868022 
        15.3        0.035        0.178      8.40566      19     0.025857     0.010347    0.0233437      1.10766     0.242898     0.428725 
        15.3         0.05        0.178      8.40566      20     0.029614    0.0102513    0.0254817      1.16217     0.403104     0.726418 
        15.3       0.0009        0.562      3.45314      21      0.03978   0.00757963     0.047965     0.829354     -1.07987     -2.18103 
        15.3       0.0025        0.562      3.45314      22     0.038233   0.00458334    0.0397238     0.962472    -0.325257     -1.55469 
        15.3       0.0085        0.562      3.45314      23     0.035802   0.00407577    0.0318343      1.12464     0.973483      3.32038 
        15.3        0.016        0.562      3.45314      24     0.033371    0.0128481    0.0288257      1.15768     0.353775     0.618478 
        15.3        0.035        0.562      3.45314      25     0.020774     0.010735    0.0267821     0.775666     -0.55968    -0.997291 
        26.5        0.075       0.0056      68.5977      26     0.079339    0.0247778    0.0697998      1.13666     0.384989     0.707254 
        26.5        0.025       0.0178      38.2396      27     0.039559   0.00658084    0.0435642     0.908062    -0.608615     -1.24663 
        26.5        0.035       0.0178      38.2396      28     0.044642    0.0077914    0.0462545     0.965139    -0.206953    -0.419996 
        26.5         0.05       0.0178      38.2396      29      0.05525   0.00814596    0.0500258      1.10443      0.64133      1.38545 
        26.5        0.075       0.0178      38.2396      30     0.055029    0.0113724    0.0580436     0.948063    -0.265083    -0.533885 
        26.5       0.0085       0.0562      21.0957      31     0.034697   0.00653788    0.0335987      1.03269      0.16799     0.471869 
        26.5        0.016       0.0562      21.0957      32      0.03315   0.00408189    0.0331601     0.999694   -0.0024834  -0.00617792 
        26.5        0.025       0.0562      21.0957      33     0.029614   0.00370329    0.0331328     0.893797    -0.950186     -2.14312 
        26.5        0.035       0.0562      21.0957      34     0.034697   0.00536178    0.0342256      1.01377    0.0879149      0.18359 
        26.5         0.05       0.0562      21.0957      35     0.040664   0.00581978    0.0372234      1.09243     0.591191       1.3214 
        26.5        0.075       0.0562      21.0957      36     0.046631   0.00723472    0.0443535      1.05135     0.314798     0.641305 
        26.5         0.09       0.0562      21.0957      37     0.052377    0.0105271    0.0494463      1.05927     0.278394     0.552942 
        26.5       0.0025        0.178      11.0624      38     0.030498   0.00399163    0.0318575     0.957325    -0.340593    -0.823251 
        26.5       0.0085        0.178      11.0624      39     0.027846   0.00353567    0.0277262      1.00432    0.0338753    0.0849442 
        26.5        0.016        0.178      11.0624      40     0.024973   0.00336228    0.0258016     0.967887    -0.246428    -0.603239 
        26.5        0.025        0.178      11.0624      41     0.020553   0.00294525    0.0253965     0.809286      -1.6445     -3.58333 
        26.5        0.035        0.178      11.0624      42       0.0221   0.00447234    0.0259932     0.850224    -0.870497     -1.79756 
        26.5         0.05        0.178      11.0624      43     0.023205    0.0120568    0.0279709     0.829613    -0.395284    -0.695508 
        26.5        0.075        0.178      11.0624      44     0.037349    0.0284064    0.0328764      1.13604      0.15745     0.275818 
        26.5       0.0009        0.562      4.54456      45     0.053261    0.0229803    0.0480884      1.10756     0.225088     0.401875 
        26.5       0.0025        0.562      4.54456      46     0.041769   0.00753627    0.0401554      1.04019     0.214117       1.0426 
        26.5       0.0085        0.562      4.54456      47      0.03094   0.00390641    0.0321862     0.961281    -0.319018    -0.932683 
        26.5        0.025        0.562      4.54456      48     0.030056    0.0181922    0.0275838      1.08963     0.135896     0.238846 
          46         0.05       0.0178      50.3812      49     0.069173    0.0131403    0.0565187      1.22389      0.96301      1.88474 
          46        0.075       0.0178      50.3812      50     0.048178    0.0166424    0.0657481     0.732767     -1.05574     -1.91943 
          46        0.016       0.0562       27.794      51     0.036023   0.00654281    0.0372891     0.966046    -0.193511      -0.3994 
          46        0.025       0.0562       27.794      52     0.038012   0.00665438    0.0378717       1.0037    0.0210783    0.0429065 
          46        0.035       0.0562       27.794      53     0.034918   0.00590858     0.038996     0.895425    -0.690183     -1.37512 
          46         0.05       0.0562       27.794      54     0.043979   0.00721376    0.0419389      1.04865     0.282809      0.59215 
          46        0.075       0.0562       27.794      55     0.046852    0.0081196     0.049051      0.95517    -0.270823    -0.553128 
          46         0.09       0.0562       27.794      56     0.059007    0.0103727     0.054179      1.08911     0.465457     0.887632 
          46       0.0085        0.178      14.5749      57     0.026741   0.00407298    0.0305438     0.875496    -0.933676     -2.11408 
          46        0.016        0.178      14.5749      58     0.029393   0.00405964    0.0284862      1.03183     0.223359     0.506752 
          46        0.025        0.178      14.5749      59     0.029835   0.00514288     0.027905      1.06916     0.375276     0.761049 
          46        0.035        0.178      14.5749      60     0.028509    0.0045173    0.0283677      1.00498    0.0312905    0.0640829 
          46         0.05        0.178      14.5749      61     0.032708   0.00538064    0.0302122      1.08261     0.463849     0.960067 
          46        0.075        0.178      14.5749      62     0.044421   0.00927176     0.034982      1.26983      1.01804      1.99006 
          46         0.09        0.178      14.5749      63     0.039117    0.0108588    0.0384694      1.01683    0.0596399     0.121185 
          46       0.0025        0.562      5.98753      64     0.043316   0.00618707    0.0400997      1.08021     0.519835      1.42869 
          46       0.0085        0.562      5.98753      65     0.029835   0.00417978    0.0322045     0.926422    -0.566905     -1.52818 
          46        0.016        0.562      5.98753      66     0.027404    0.0041772    0.0291105     0.941379    -0.408522    -0.873255 
          46        0.025        0.562      5.98753      67     0.023426   0.00586235    0.0275467      0.85041    -0.702913     -1.35311 
          46        0.035        0.562      5.98753      68     0.029835   0.00835849     0.026869      1.11039     0.354853     0.635137 
          46         0.05        0.562      5.98753      69      0.02652    0.0120667    0.0268414     0.988025   -0.0266369   -0.0461732 
          80        0.035       0.0562      36.6536      70     0.050167    0.0173923    0.0429118      1.16907     0.417148      0.76116 
          80         0.05       0.0562      36.6536      71     0.051935    0.0143739    0.0461457      1.12546     0.402765     0.743147 
          80        0.075       0.0562      36.6536      72     0.047736    0.0206119    0.0533993     0.893944    -0.274759    -0.494325 
          80       0.0085        0.178      19.2208      73     0.045526    0.0127262    0.0323076      1.40914      1.03868      1.93566 
          80        0.016        0.178      19.2208      74     0.029393   0.00713548    0.0307148     0.956965    -0.185245    -0.345926 
          80        0.025        0.178      19.2208      75     0.032266   0.00729811     0.030068       1.0731     0.301179     0.567686 
          80        0.035        0.178      19.2208      76     0.035802   0.00932475    0.0304348      1.17635     0.575587      1.07081 
          80         0.05        0.178      19.2208      77     0.032266   0.00896821    0.0321688      1.00302    0.0108416    0.0200892 
          80        0.075        0.178      19.2208      78     0.040443    0.0188444    0.0368153      1.09854     0.192508     0.344996 
          80       0.0085        0.562      7.89612      79     0.025636   0.00561639    0.0319689     0.801903     -1.12758     -2.47033 
          80        0.016        0.562      7.89612      80      0.01989   0.00540426    0.0288899     0.688477     -1.66533     -3.23202 
          80        0.025        0.562      7.89612      81     0.022984   0.00743695    0.0273139     0.841476    -0.582214     -1.10816 
          80        0.035        0.562      7.89612      82     0.024089    0.0108888    0.0266096     0.905274    -0.231487    -0.418549 
         200         0.05       0.0562      57.9545      83     0.035802    0.0174588    0.0494863     0.723473    -0.783806     -1.36508 
         200        0.075       0.0562      57.9545      84     0.063648    0.0409655    0.0588893      1.08081     0.116164     0.202071 
         200        0.016        0.178      30.3907      85     0.032045    0.0116307    0.0321627     0.996339   -0.0101229   -0.0183705 
         200        0.025        0.178      30.3907      86     0.043979    0.0129167    0.0325438      1.35138     0.885304       1.6251 
         200        0.035        0.178      30.3907      87     0.037349    0.0148262    0.0330653      1.12955      0.28893     0.521339 
         200         0.05        0.178      30.3907      88     0.051935    0.0188618    0.0347649      1.49389     0.910309      1.65304 
         200        0.075        0.178      30.3907      89     0.046189    0.0284113    0.0392846      1.17575     0.243014     0.427088 
         200       0.0085        0.562      12.4849      90     0.024089   0.00869132    0.0311277     0.773877    -0.809851     -1.53787 
         200        0.016        0.562      12.4849      91     0.020553   0.00853771     0.028196     0.728932     -0.89521     -1.61683 
         200        0.025        0.562      12.4849      92     0.016354   0.00804992     0.026644     0.613796     -1.27828     -2.33039 
         200        0.035        0.562      12.4849      93     0.034918    0.0205146    0.0259248       1.3469      0.43838      0.78046 
         200         0.05        0.562      12.4849      94     0.033371    0.0168694    0.0257875      1.29407     0.449541     0.783611 
         200        0.075        0.562      12.4849      95     0.050388    0.0437681    0.0267966      1.88039     0.539009     0.936392 
