          Q2           xp         beta           mx   iData         Data       ErrTot       Theory        Ratio         Pull      PullUnc 
          12       0.0003         0.67      2.43114       0      0.06314   0.00422849    0.0620076      1.01826     0.267797     0.933627 
          12        0.001          0.2       6.9282       1      0.03227   0.00177925    0.0303136      1.06454      1.09957      3.36293 
          12        0.001         0.32      5.04975       2       0.0365   0.00200318    0.0361856      1.00869     0.156934     0.443583 
          12        0.001          0.5       3.4641       3      0.04438   0.00249596    0.0443075      1.00164    0.0290278    0.0715916 
          15        0.001          0.2      7.74597       4      0.04107   0.00543786     0.030436      1.34939      1.95555       2.1964 
          15        0.001         0.32      5.64579       5       0.0384    0.0020853     0.037285       1.0299     0.534679       1.6308 
          15        0.001          0.5      3.87298       6      0.04522   0.00252666    0.0449747      1.00545    0.0970786     0.255135 
          20        0.001         0.32       6.5192       7      0.03892   0.00213316     0.038064      1.02249     0.401292      1.14498 
          20        0.001          0.5      4.47214       8      0.04528   0.00251538    0.0455985     0.993014    -0.126634    -0.341235 
          20        0.001          0.8      2.23607       9       0.0451   0.00283987    0.0454409     0.992498    -0.120039    -0.281304 
          25        0.001         0.32      7.28869      10      0.05186    0.0128154    0.0379861      1.36524      1.08259      1.11741 
          25        0.001          0.5            5      11      0.04764   0.00268353     0.045867      1.03866     0.660708       1.8053 
          25        0.001          0.8          2.5      12      0.04499   0.00278502    0.0436309      1.03115     0.488009      1.12427 
          35        0.001          0.5      5.91608      13      0.04718    0.0028087    0.0456582      1.03333     0.541825      1.23243 
          35        0.001          0.8      2.95804      14      0.04344   0.00278897    0.0414041      1.04917      0.72997      1.54095 
          45        0.001          0.8       3.3541      15      0.04048   0.00285463    0.0398471      1.01588       0.2217     0.425193 
          12        0.003        0.067      12.9269      16      0.02712   0.00155509    0.0270489      1.00263    0.0457116     0.113856 
          12        0.003         0.11      9.85347      17      0.02698   0.00150678    0.0267587      1.00827     0.146883      0.36945 
          12        0.003         0.17       7.6543      18      0.02655   0.00147227    0.0266495     0.996265   -0.0676007     -0.16883 
          12        0.003         0.27        5.696      19      0.02751    0.0015435    0.0285664     0.963019    -0.684431     -1.68401 
          12        0.003         0.43      3.98836      20      0.03388   0.00191624    0.0337974      1.00244    0.0431195     0.104086 
          12        0.003         0.67      2.43114      21      0.04193   0.00242361    0.0407483        1.029     0.487577      1.07367 
          15        0.003        0.067      14.4527      22      0.03764    0.0058291    0.0276803      1.35981      1.70862      1.86614 
          15        0.003         0.11      11.0165      23       0.0278    0.0015568    0.0285385     0.974124    -0.474344     -1.27655 
          15        0.003         0.17      8.55776      24      0.02732   0.00151053    0.0283652     0.963151    -0.691964     -1.85582 
          15        0.003         0.27      6.36832      25      0.02903    0.0015762    0.0299649       0.9688    -0.593131     -1.56214 
          15        0.003         0.43      4.45912      26      0.03449    0.0018957    0.0346894     0.994252    -0.105182    -0.262509 
          15        0.003         0.67       2.7181      27      0.04031   0.00229023    0.0402581      1.00129    0.0226443    0.0517944 
          20        0.003         0.11      12.7208      28      0.02754   0.00157364    0.0300321     0.917018     -1.58366     -3.96828 
          20        0.003         0.17      9.88165      29      0.02996   0.00165378    0.0302781     0.989493    -0.192373    -0.530947 
          20        0.003         0.27      7.35351      30      0.03194   0.00170842     0.031605       1.0106     0.196109     0.546063 
          20        0.003         0.43      5.14894      31      0.03618   0.00196608    0.0357026      1.01337     0.242815     0.640047 
          20        0.003         0.67      3.13859      32      0.03927   0.00223667    0.0395539     0.992823    -0.126914    -0.300149 
          25        0.003         0.11      14.2223      33      0.03645   0.00775255    0.0301088      1.21061     0.817954     0.862033 
          25        0.003         0.17       11.048      34      0.03156   0.00171676    0.0313807      1.00571     0.104414     0.275509 
          25        0.003         0.27      8.22147      35      0.03205   0.00172981    0.0327246     0.979385    -0.389989     -1.09574 
          25        0.003         0.43      5.75669      36      0.03706   0.00200364    0.0363976       1.0182     0.330608     0.893713 
          25        0.003         0.67      3.50905      37      0.03909   0.00225268    0.0388986      1.00492    0.0849642     0.203309 
          35        0.003         0.17      13.0722      38      0.03132   0.00179729    0.0320322     0.977767    -0.396245    -0.944161 
          35        0.003         0.27      9.72778      39       0.0333   0.00178178    0.0340115     0.979081    -0.399308     -1.06829 
          35        0.003         0.43      6.81141      40      0.03691   0.00201692    0.0371787     0.992773    -0.133226    -0.340173 
          35        0.003         0.67      4.15196      41      0.03975   0.00237371    0.0380638       1.0443     0.710362      1.70776 
          45        0.003         0.27      11.0303      42      0.03306   0.00184337    0.0345584     0.956641    -0.812866     -1.87232 
          45        0.003         0.43      7.72342      43      0.03872   0.00213522    0.0376025      1.02972     0.523351      1.27298 
          45        0.003         0.67      4.70788      44      0.03844    0.0023571    0.0374322      1.02692     0.427555     0.925761 
          60        0.003         0.43      8.91823      45      0.03776   0.00214967    0.0378766     0.996921   -0.0542521    -0.114785 
          60        0.003         0.67       5.4362      46      0.03728   0.00233559    0.0366965       1.0159     0.249843     0.502576 
          90        0.003         0.67      6.65795      47      0.03532   0.00279854     0.035618     0.991633     -0.10649    -0.159172 
          12         0.01         0.02      24.2487      48      0.03014   0.00194421    0.0314674     0.957816    -0.682759     -1.15066 
          12         0.01        0.032      19.0526      49      0.02966   0.00188288    0.0294466      1.00725     0.113353     0.193428 
          12         0.01         0.05      15.0997      50      0.02732    0.0017153    0.0266634      1.02463     0.382799     0.660269 
          12         0.01         0.08      11.7473      51      0.02545   0.00159322    0.0240795      1.05692     0.860228      1.47943 
          12         0.01         0.13      8.96146      52      0.02165   0.00136807    0.0224699     0.963512    -0.599304     -1.01796 
          12         0.01          0.2       6.9282      53      0.02283   0.00150609    0.0223907      1.01962     0.291714     0.458068 
          12         0.01         0.32      5.04975      54       0.0242   0.00173786    0.0245558     0.985511    -0.204735    -0.289399 
          15         0.01         0.02      27.1109      55      0.03639   0.00584544    0.0328462      1.10789     0.606243     0.673723 
          15         0.01        0.032      21.3014      56      0.03226   0.00198524    0.0320787      1.00565    0.0913063     0.174485 
          15         0.01         0.05      16.8819      57      0.03067   0.00186281    0.0292308      1.04924     0.772616      1.49444 
          15         0.01         0.08      13.1339      58      0.02573   0.00156213    0.0262446     0.980391    -0.329436    -0.632482 
          15         0.01         0.13      10.0192      59      0.02381   0.00142064    0.0242024     0.983786    -0.276229     -0.54938 
          15         0.01          0.2      7.74597      60      0.02299   0.00138284    0.0237672     0.967299    -0.562036     -1.10441 
          15         0.01         0.32      5.64579      61      0.02456   0.00148563    0.0255698      0.96051    -0.679688     -1.25339 
          20         0.01        0.032      24.5967      62      0.03445   0.00225325    0.0344788     0.999164   -0.0127884   -0.0210698 
          20         0.01         0.05      19.4936      63      0.03209   0.00200479    0.0322198     0.995972   -0.0647303    -0.120354 
          20         0.01         0.08      15.1658      64      0.02971   0.00185348    0.0288999      1.02803     0.437075     0.779066 
          20         0.01         0.13      11.5692      65      0.02658   0.00159878    0.0263409      1.00908     0.149551     0.284462 
          20         0.01          0.2      8.94427      66      0.02542   0.00156328    0.0254465      0.99896    -0.016932   -0.0307727 
          20         0.01         0.32       6.5192      67      0.02663   0.00158129    0.0267774     0.994497   -0.0931922    -0.183041 
          20         0.01          0.5      4.47214      68       0.0287   0.00179576    0.0302619     0.948388    -0.869756     -1.49505 
          25         0.01        0.032         27.5      69      0.03306   0.00700256     0.034867     0.948174     -0.25805    -0.276119 
          25         0.01         0.05      21.7945      70      0.03307   0.00205513    0.0340091     0.972386    -0.456971    -0.881872 
          25         0.01         0.08      16.9558      71      0.03202   0.00196734    0.0307322       1.0419     0.654571      1.27179 
          25         0.01         0.13      12.9347      72      0.02889   0.00176584    0.0278681      1.03667     0.578712      1.09844 
          25         0.01          0.2           10      73      0.02686   0.00160891    0.0266515      1.00782     0.129609     0.261562 
          25         0.01         0.32      7.28869      74      0.02769   0.00168773    0.0276437      1.00168    0.0274428    0.0528942 
          25         0.01          0.5            5      75      0.03028   0.00186216    0.0305987     0.989585     -0.17113    -0.311017 
          25         0.01          0.8          2.5      76      0.02928   0.00259966    0.0284837      1.02796     0.306317     0.391169 
          35         0.01         0.05      25.7876      77      0.03551   0.00235279     0.035387      1.00348      0.05227    0.0865815 
          35         0.01         0.08      20.0624      78      0.03243   0.00208765    0.0331372     0.978659    -0.338747    -0.569727 
          35         0.01         0.13      15.3046      79      0.03161   0.00190816    0.0300315      1.05256      0.82726      1.59116 
          35         0.01          0.2      11.8322      80      0.02963   0.00178298     0.028339      1.04555     0.724048      1.33009 
          35         0.01         0.32      8.62409      81      0.02729   0.00173908    0.0287705      0.94854    -0.851321     -1.67184 
          35         0.01          0.5      5.91608      82      0.03171   0.00195602    0.0309581      1.02429     0.384416     0.667762 
          35         0.01          0.8      2.95804      83       0.0284   0.00194224      0.02706      1.04952     0.689911      1.09696 
          45         0.01         0.08      22.7486      84      0.03368    0.0022267    0.0343155     0.981481    -0.285397    -0.453383 
          45         0.01         0.13      17.3538      85      0.03212   0.00196694    0.0314302      1.02195     0.350711     0.634691 
          45         0.01          0.2      13.4164      86      0.02994   0.00183808    0.0294763      1.01573     0.252287     0.453779 
          45         0.01         0.32       9.7788      87       0.0291   0.00183168    0.0295118     0.986045    -0.224838    -0.425165 
          45         0.01          0.5       6.7082      88      0.03255   0.00203144      0.03115      1.04494      0.68917      1.16587 
          45         0.01          0.8       3.3541      89      0.02606   0.00181019    0.0260848     0.999051   -0.0136754   -0.0211355 
          60         0.01         0.13      20.0384      90      0.03316   0.00216228    0.0326758      1.01482     0.223954     0.357888 
          60         0.01          0.2      15.4919      91      0.03013    0.0018683    0.0306231     0.983899     -0.26391    -0.491626 
          60         0.01         0.32      11.2916      92      0.03138   0.00191238     0.030261      1.03698     0.585136      1.07129 
          60         0.01          0.5      7.74597      93      0.03225   0.00210714    0.0312957      1.03049     0.452872     0.820666 
          60         0.01          0.8      3.87298      94      0.02516   0.00168685    0.0250204      1.00558    0.0827477     0.140778 
          90         0.01          0.2      18.9737      95      0.03061   0.00225353    0.0318136     0.962168    -0.534086    -0.773956 
          90         0.01         0.32      13.8293      96      0.03095    0.0020427    0.0311209     0.994509   -0.0836613    -0.128376 
          90         0.01          0.5      9.48683      97      0.03039   0.00196222    0.0313769     0.968548    -0.502937    -0.841272 
          90         0.01          0.8      4.74342      98      0.02396   0.00165965    0.0236133      1.01468     0.208885     0.333259 
         200         0.01         0.32      20.6155      99       0.0321   0.00374182    0.0317896      1.00976    0.0829543     0.141652 
         200         0.01          0.5      14.1421     100       0.0315   0.00365481    0.0311618      1.01085    0.0925327     0.167569 
         200         0.01          0.8      7.07107     101       0.0211   0.00261938    0.0211447     0.997887   -0.0170547   -0.0243871 
         400         0.01          0.8           10     102       0.0196   0.00335813    0.0192747      1.01688    0.0968663      0.12045 
          12         0.03       0.0067      42.1787     103      0.03331   0.00767562     0.040871     0.815003    -0.985068      -1.0352 
          12         0.03        0.011      32.8468     104      0.03641   0.00650038    0.0380793     0.956161    -0.256807    -0.274586 
          12         0.03        0.017      26.3416     105      0.03224   0.00582296    0.0346129     0.931444    -0.407511    -0.452491 
          12         0.03        0.027      20.7953     106      0.03637   0.00648305    0.0309829      1.17387     0.830949     0.918735 
          12         0.03        0.043      16.3423     107      0.02906   0.00547185    0.0276908      1.04945     0.250224     0.268669 
          12         0.03        0.067      12.9269     108      0.02413   0.00451985     0.025003     0.965086     -0.19314    -0.205974 
          15         0.03       0.0067      47.1572     109      0.04792   0.00997542    0.0429954      1.11454     0.493676     0.529667 
          15         0.03        0.011      36.7238     110      0.03531   0.00553455     0.041606     0.848675     -1.13759     -1.30566 
          15         0.03        0.017      29.4509     111      0.03527   0.00516293     0.038047      0.92701     -0.53788    -0.626513 
          15         0.03        0.027      23.2499     112      0.03085   0.00465263    0.0339751     0.908019    -0.671676    -0.762138 
          15         0.03        0.043      18.2712     113      0.02592    0.0040625    0.0301786     0.858887     -1.04827     -1.22508 
          15         0.03        0.067      14.4527     114      0.02366   0.00354971    0.0270325     0.875242    -0.950086     -1.07905 
          15         0.03         0.11      11.0165     115      0.02278   0.00357486    0.0243131     0.936942    -0.428866    -0.490159 
          20         0.03        0.011       42.405     116      0.03178   0.00561068    0.0451436     0.703975     -2.38182     -2.68716 
          20         0.03        0.017      34.0069     117      0.03851   0.00609639    0.0421783     0.913029    -0.601713    -0.679753 
          20         0.03        0.027      26.8466     118      0.03118   0.00456071    0.0377304     0.826389     -1.43627     -1.61963 
          20         0.03        0.043      21.0978     119      0.02917   0.00425242     0.033321     0.875423    -0.976161     -1.10407 
          20         0.03        0.067      16.6885     120      0.02773   0.00405503    0.0295854     0.937285    -0.457564    -0.517508 
          20         0.03         0.11      12.7208     121      0.02288   0.00347535    0.0262902     0.870286    -0.981258      -1.1098 
          25         0.03        0.011      47.4102     122      0.03729     0.010915    0.0462624     0.806055    -0.822021    -0.858602 
          25         0.03        0.017      38.0209     123      0.03875   0.00622405    0.0448127     0.864709    -0.974084     -1.09863 
          25         0.03        0.027      30.0154     124      0.03755    0.0055664    0.0404075     0.929284    -0.513343    -0.579886 
          25         0.03        0.043       23.588     125      0.02978   0.00430895    0.0356103     0.836274     -1.35307     -1.49607 
          25         0.03        0.067      18.6584     126      0.02655   0.00418405    0.0314446     0.844343     -1.16981     -1.34019 
          25         0.03         0.11      14.2223     127      0.02491    0.0037591    0.0277234     0.898518    -0.748434    -0.863907 
          25         0.03         0.17       11.048     128      0.02562     0.003895    0.0254795      1.00551     0.036063    0.0415043 
          35         0.03        0.017      44.9869     129      0.05337    0.0108338    0.0473013       1.1283     0.560158     0.599667 
          35         0.03        0.027      35.5147     130      0.04213   0.00639252    0.0440928     0.955484    -0.307051    -0.338667 
          35         0.03        0.043      27.9097     131      0.04063   0.00618738    0.0389908      1.04204      0.26493     0.288614 
          35         0.03        0.067      22.0769     132      0.03063   0.00470467    0.0342268     0.894912    -0.764519    -0.865478 
          35         0.03         0.11       16.828     133      0.02992   0.00459825    0.0298532      1.00224    0.0145295      0.01665 
          35         0.03         0.17      13.0722     134      0.02493   0.00390741    0.0270766      0.92072    -0.549372    -0.622911 
          35         0.03         0.27      9.72778     135       0.0284   0.00442138    0.0258665      1.09795     0.573013     0.660438 
          45         0.03        0.027      40.2699     136      0.05064   0.00916318    0.0461041      1.09838     0.495014     0.527732 
          45         0.03        0.043      31.6467     137      0.04048   0.00628966    0.0412755     0.980727    -0.126477     -0.13685 
          45         0.03        0.067      25.0328     138      0.03804   0.00646311    0.0361859      1.05124     0.286869     0.317236 
          45         0.03         0.11      19.0812     139      0.02427    0.0039952    0.0313526     0.774098     -1.77278     -2.00682 
          45         0.03         0.17      14.8225     140      0.02521   0.00413698    0.0281895     0.894305    -0.720212      -0.8299 
          45         0.03         0.27      11.0303     141      0.02092   0.00342916    0.0266062     0.786284     -1.65818     -1.87652 
          60         0.03        0.043      36.5424     142        0.039   0.00742097    0.0433955     0.898711    -0.592305    -0.636912 
          60         0.03        0.067      28.9054     143      0.03913   0.00632334    0.0382207      1.02379     0.143808      0.15728 
          60         0.03         0.11       22.033     144      0.02613   0.00422006    0.0329653     0.792651     -1.61972     -1.78744 
          60         0.03         0.17      17.1155     145      0.02548    0.0043259    0.0293814     0.867215    -0.901873     -1.06772 
          60         0.03         0.27      12.7366     146      0.02165   0.00443614    0.0273809     0.790698     -1.29186     -1.45178 
          60         0.03         0.43      8.91823     147      0.02698   0.00474403    0.0272542     0.989939   -0.0577979   -0.0689315 
          90         0.03        0.067      35.4017     148      0.03286    0.0130657    0.0405382     0.810593    -0.587665    -0.599874 
          90         0.03         0.11      26.9848     149      0.03379   0.00657396    0.0349853     0.965836    -0.181816    -0.191298 
          90         0.03         0.17      20.9622     150      0.03622   0.00621656    0.0308928      1.17244     0.856945     0.944493 
          90         0.03         0.27      15.5991     151      0.02668    0.0044977    0.0283414     0.941379    -0.369392    -0.403547 
          90         0.03         0.43      10.9226     152      0.03214    0.0056432     0.027569       1.1658     0.810006     0.880942 
          90         0.03         0.67      6.65795     153      0.02818   0.00735714    0.0246148      1.14484      0.48459      0.51541 
         200         0.03         0.11      40.2266     154       0.0361   0.00587732     0.037266     0.968712    -0.198385    -0.258843 
         200         0.03         0.17      31.2485     155       0.0331   0.00525217    0.0331512     0.998455  -0.00975156   -0.0127949 
         200         0.03         0.27      23.2538     156       0.0283   0.00434421     0.029817     0.949124    -0.349192    -0.435782 
         200         0.03         0.43      16.2824     157       0.0309   0.00474765    0.0279127      1.10702      0.62922     0.780414 
         200         0.03         0.67      9.92509     158       0.0297   0.00505179    0.0232611      1.27681      1.27458      1.63861 
         400         0.03         0.27      32.8859     159       0.0322   0.00552584    0.0304868      1.05619     0.310035     0.395503 
         400         0.03         0.43      23.0268     160       0.0293   0.00466459    0.0279729      1.04744     0.284499     0.346543 
         400         0.03         0.67      14.0362     161       0.0289   0.00502204      0.02217      1.30356      1.34009      1.70196 
         800         0.03         0.43      32.5648     162       0.0391   0.00797918     0.027751      1.40896      1.42233      1.69046 
         800         0.03         0.67      19.8502     163       0.0228   0.00502273    0.0212072       1.0751      0.31711     0.380896 
        1600         0.03         0.67      28.0724     164       0.0214   0.00702497    0.0204333      1.04731     0.137615     0.150447 
