          Q2           xp         beta           mx   iData         Data       ErrTot       Theory        Ratio         Pull      PullUnc 
        15.3         0.05       0.0056      52.1233       0     0.054145   0.00811453    0.0822389     0.658386     -3.46218     -7.35775 
        15.3        0.075       0.0056      52.1233       1     0.065416    0.0134549     0.100642     0.649987     -2.61808     -5.38492 
        15.3        0.016       0.0178       29.056       2     0.038896   0.00488992    0.0579706      0.67096      -3.9008     -10.1097 
        15.3        0.025       0.0178       29.056       3     0.036244   0.00430694    0.0605815     0.598269     -5.65075     -15.0716 
        15.3        0.035       0.0178       29.056       4     0.036465     0.004779    0.0639274     0.570413     -5.74647     -12.9732 
        15.3         0.05       0.0178       29.056       5     0.038896   0.00488311    0.0710015      0.54782     -6.57479     -16.1971 
        15.3        0.075       0.0178       29.056       6     0.046631   0.00708055    0.0866882     0.537916     -5.65737     -12.2344 
        15.3         0.09       0.0178       29.056       7     0.051714     0.010362    0.0976824      0.52941     -4.43623     -8.77733 
        15.3       0.0085       0.0562      16.0294       8     0.029614   0.00462396    0.0476621     0.621332     -3.90318     -13.5432 
        15.3        0.016       0.0562      16.0294       9     0.026962   0.00309171    0.0459804      0.58638     -6.15143     -18.0334 
        15.3        0.025       0.0562      16.0294      10     0.024973   0.00287819    0.0468136     0.533456     -7.58831     -19.3918 
        15.3        0.035       0.0562      16.0294      11     0.026741   0.00376925    0.0496696     0.538378     -6.08306     -13.8295 
        15.3         0.05       0.0562      16.0294      12      0.03094   0.00415461     0.056138     0.551142     -6.06507     -14.0291 
        15.3        0.075       0.0562      16.0294      13     0.038454   0.00614687    0.0704063     0.546173     -5.19814     -10.7523 
        15.3         0.09       0.0562      16.0294      14     0.035802   0.00746547    0.0803363     0.445652     -5.96537     -11.7037 
        15.3       0.0025        0.178      8.40566      15     0.030056   0.00319415    0.0407053     0.738381     -3.33399     -10.3101 
        15.3       0.0085        0.178      8.40566      16     0.024531   0.00260699    0.0342983     0.715224      -3.7466     -11.5861 
        15.3        0.016        0.178      8.40566      17     0.021658   0.00249406    0.0326772     0.662787     -4.41817      -12.894 
        15.3        0.025        0.178      8.40566      18     0.021437   0.00308417    0.0332663     0.644406     -3.83549      -8.9493 
        15.3        0.035        0.178      8.40566      19     0.025857     0.010347    0.0353708     0.731027    -0.919472     -1.62291 
        15.3         0.05        0.178      8.40566      20     0.029614    0.0102513    0.0401196     0.738143     -1.02481     -1.84676 
        15.3       0.0009        0.562      3.45314      21      0.03978   0.00757963    0.0443168     0.897628    -0.598555      -1.2089 
        15.3       0.0025        0.562      3.45314      22     0.038233   0.00458334    0.0368372      1.03789     0.304539      1.45566 
        15.3       0.0085        0.562      3.45314      23     0.035802   0.00407577    0.0299882      1.19387      1.42644      4.86534 
        15.3        0.016        0.562      3.45314      24     0.033371    0.0128481    0.0278107      1.19993     0.432772     0.756583 
        15.3        0.035        0.562      3.45314      25     0.020774     0.010735    0.0278389     0.746222     -0.65812      -1.1727 
        26.5        0.075       0.0056      68.5977      26     0.079339    0.0247778     0.113528     0.698849     -1.37983     -2.53485 
        26.5        0.025       0.0178      38.2396      27     0.039559   0.00658084     0.069961     0.565444     -4.61978     -9.46273 
        26.5        0.035       0.0178      38.2396      28     0.044642    0.0077914    0.0751258      0.59423     -3.91249     -7.94011 
        26.5         0.05       0.0178      38.2396      29      0.05525   0.00814596    0.0829372     0.666166     -3.39889     -7.34256 
        26.5        0.075       0.0178      38.2396      30     0.055029    0.0113724    0.0992218     0.554606     -3.88598     -7.82648 
        26.5       0.0085       0.0562      21.0957      31     0.034697   0.00653788    0.0547578     0.633645      -3.0684     -8.61886 
        26.5        0.016       0.0562      21.0957      32      0.03315   0.00408189     0.054272     0.610813     -5.17455     -12.8726 
        26.5        0.025       0.0562      21.0957      33     0.029614   0.00370329    0.0548902     0.539513     -6.82534     -15.3944 
        26.5        0.035       0.0562      21.0957      34     0.034697   0.00536178    0.0575126     0.603294     -4.25523     -8.88604 
        26.5         0.05       0.0562      21.0957      35     0.040664   0.00581978    0.0637988     0.637378     -3.97521     -8.88515 
        26.5        0.075       0.0562      21.0957      36     0.046631   0.00723472    0.0780472     0.597472     -4.34242     -8.84636 
        26.5         0.09       0.0562      21.0957      37     0.052377    0.0105271    0.0880634     0.594765     -3.38994     -6.73305 
        26.5       0.0025        0.178      11.0624      38     0.030498   0.00399163    0.0455069     0.670184      -3.7601     -9.08859 
        26.5       0.0085        0.178      11.0624      39     0.027846   0.00353567    0.0398133     0.699414     -3.38474     -8.48743 
        26.5        0.016        0.178      11.0624      40     0.024973   0.00336228    0.0376572     0.663166     -3.77251     -9.23487 
        26.5        0.025        0.178      11.0624      41     0.020553   0.00294525    0.0378772     0.542621     -5.88209      -12.817 
        26.5        0.035        0.178      11.0624      42       0.0221   0.00447234    0.0397234     0.556347     -3.94053     -8.13713 
        26.5         0.05        0.178      11.0624      43     0.023205    0.0120568     0.044221     0.524751     -1.74308     -3.06697 
        26.5        0.075        0.178      11.0624      44     0.037349    0.0284064    0.0544034      0.68652    -0.600371     -1.05172 
        26.5       0.0009        0.562      4.54456      45     0.053261    0.0229803    0.0444879       1.1972     0.381766     0.681611 
        26.5       0.0025        0.562      4.54456      46     0.041769   0.00753627    0.0371819      1.12337     0.608672      2.96381 
        26.5       0.0085        0.562      4.54456      47      0.03094   0.00390641    0.0302508      1.02278     0.176416      0.51577 
        26.5        0.025        0.562      4.54456      48     0.030056    0.0181922    0.0273997      1.09694      0.14601     0.256623 
          46         0.05       0.0178      50.3812      49     0.069173    0.0131403    0.0928462     0.745027     -1.80157     -3.52592 
          46        0.075       0.0178      50.3812      50     0.048178    0.0166424     0.111179     0.433338     -3.78555     -6.88245 
          46        0.016       0.0562       27.794      51     0.036023   0.00654281    0.0607717      0.59276     -3.78257     -7.80709 
          46        0.025       0.0562       27.794      52     0.038012   0.00665438    0.0622662     0.610476     -3.64484     -7.41937 
          46        0.035       0.0562       27.794      53     0.034918   0.00590858    0.0649565      0.53756     -5.08388     -10.1291 
          46         0.05       0.0562       27.794      54     0.043979   0.00721376    0.0712178     0.617528     -3.77595     -7.90614 
          46        0.075       0.0562       27.794      55     0.046852    0.0081196    0.0855602     0.547591     -4.76726     -9.73664 
          46         0.09       0.0562       27.794      56     0.059007    0.0103727    0.0957106     0.616515      -3.5385     -6.74796 
          46       0.0085        0.178      14.5749      57     0.026741   0.00407298    0.0444887     0.601074     -4.35742     -9.86631 
          46        0.016        0.178      14.5749      58     0.029393   0.00405964    0.0420564     0.698895     -3.11933     -7.07706 
          46        0.025        0.178      14.5749      59     0.029835   0.00514288    0.0419867     0.710583     -2.36281     -4.79171 
          46        0.035        0.178      14.5749      60     0.028509    0.0045173    0.0436195     0.653584     -3.34503     -6.85061 
          46         0.05        0.178      14.5749      61     0.032708   0.00538064    0.0479102     0.682695     -2.82534     -5.84784 
          46        0.075        0.178      14.5749      62     0.044421   0.00927176    0.0578893     0.767344     -1.45262     -2.83958 
          46         0.09        0.178      14.5749      63     0.039117    0.0108588    0.0649566     0.602202     -2.37961     -4.83524 
          46       0.0025        0.562      5.98753      64     0.043316   0.00618707    0.0371065      1.16734      1.00363      2.75833 
          46       0.0085        0.562      5.98753      65     0.029835   0.00417978    0.0302127       0.9875   -0.0903564     -0.24357 
          46        0.016        0.562      5.98753      66     0.027404    0.0041772     0.027922     0.981448    -0.124005    -0.265074 
          46        0.025        0.562      5.98753      67     0.023426   0.00586235     0.027265     0.859198    -0.654852     -1.26059 
          46        0.035        0.562      5.98753      68     0.029835   0.00835849    0.0276339      1.07965      0.26334     0.471341 
          46         0.05        0.562      5.98753      69      0.02652    0.0120667    0.0292968     0.905217    -0.230122    -0.398902 
          80        0.035       0.0562      36.6536      70     0.050167    0.0173923    0.0712286     0.704309     -1.21097     -2.20964 
          80         0.05       0.0562      36.6536      71     0.051935    0.0143739    0.0779585     0.666188     -1.81047     -3.34052 
          80        0.075       0.0562      36.6536      72     0.047736    0.0206119    0.0926188     0.515403     -2.17752     -3.91763 
          80       0.0085        0.178      19.2208      73     0.045526    0.0127262    0.0476738     0.954948    -0.168771    -0.314518 
          80        0.016        0.178      19.2208      74     0.029393   0.00713548    0.0457443      0.64255     -2.29155     -4.27923 
          80        0.025        0.178      19.2208      75     0.032266   0.00729811    0.0455342     0.708611     -1.81803     -3.42677 
          80        0.035        0.178      19.2208      76     0.035802   0.00932475    0.0470068     0.761634     -1.20162     -2.23548 
          80         0.05        0.178      19.2208      77     0.032266   0.00896821    0.0511217      0.63116     -2.10251     -3.89589 
          80        0.075        0.178      19.2208      78     0.040443    0.0188444    0.0609126     0.663952     -1.08624     -1.94667 
          80       0.0085        0.562      7.89612      79     0.025636   0.00561639    0.0299346       0.8564    -0.765371     -1.67679 
          80        0.016        0.562      7.89612      80      0.01989   0.00540426    0.0276398     0.719614     -1.43402      -2.7831 
          80        0.025        0.562      7.89612      81     0.022984   0.00743695    0.0269453     0.852986    -0.532657     -1.01384 
          80        0.035        0.562      7.89612      82     0.024089    0.0108888    0.0272548     0.883845    -0.290739    -0.525682 
         200         0.05       0.0562      57.9545      83     0.035802    0.0174588    0.0837712     0.427378     -2.74758     -4.78517 
         200        0.075       0.0562      57.9545      84     0.063648    0.0409655     0.101752     0.625523    -0.930141     -1.61801 
         200        0.016        0.178      30.3907      85     0.032045    0.0116307    0.0486835     0.658231     -1.43057     -2.59612 
         200        0.025        0.178      30.3907      86     0.043979    0.0129167    0.0497247     0.884449    -0.444828    -0.816544 
         200        0.035        0.178      30.3907      87     0.037349    0.0148262    0.0513487      0.72736    -0.944257      -1.7038 
         200         0.05        0.178      30.3907      88     0.051935    0.0188618    0.0553743      0.93789     -0.18234    -0.331114 
         200        0.075        0.178      30.3907      89     0.046189    0.0284113    0.0649584     0.711055     -0.66063     -1.16103 
         200       0.0085        0.562      12.4849      90     0.024089   0.00869132    0.0290658     0.828774     -0.57262     -1.08738 
         200        0.016        0.562      12.4849      91     0.020553   0.00853771    0.0268609     0.765164    -0.738831     -1.33439 
         200        0.025        0.562      12.4849      92     0.016354   0.00804992     0.026148     0.625441     -1.21665     -2.21805 
         200        0.035        0.562      12.4849      93     0.034918    0.0205146    0.0263921      1.32305     0.415601     0.739905 
         200         0.05        0.562      12.4849      94     0.033371    0.0168694    0.0278027      1.20028     0.330086     0.575385 
         200        0.075        0.562      12.4849      95     0.050388    0.0437681    0.0316621      1.59143     0.427843     0.743268 
