          Q2           xp         beta           mx   iData         Data       ErrTot       Theory        Ratio         Pull      PullUnc 
          12       0.0003         0.67      2.43114       0      0.06314   0.00422849    0.0522573      1.20825      2.57366      8.97263 
          12        0.001          0.2       6.9282       1      0.03227   0.00177925    0.0400929     0.804881     -4.39673      -13.447 
          12        0.001         0.32      5.04975       2       0.0365   0.00200318    0.0402859     0.906024     -1.88994       -5.342 
          12        0.001          0.5       3.4641       3      0.04438   0.00249596    0.0426282       1.0411     0.701858        1.731 
          15        0.001          0.2      7.74597       4      0.04107   0.00543786    0.0410754     0.999869 -0.000993271  -0.00111561 
          15        0.001         0.32      5.64579       5       0.0384    0.0020853    0.0422518     0.908837     -1.84712     -5.63381 
          15        0.001          0.5      3.87298       6      0.04522   0.00252666     0.043468      1.04031     0.693397      1.82234 
          20        0.001         0.32       6.5192       7      0.03892   0.00213316    0.0440681     0.883178     -2.41339     -6.88595 
          20        0.001          0.5      4.47214       8      0.04528   0.00251538    0.0443028      1.02206     0.388471       1.0468 
          20        0.001          0.8      2.23607       9       0.0451   0.00283987    0.0319181      1.41299      4.64173      10.8776 
          25        0.001         0.32      7.28869      10      0.05186    0.0128154    0.0446446      1.16162     0.563026     0.581133 
          25        0.001          0.5            5      11      0.04764   0.00268353    0.0447256      1.06516      1.08601       2.9674 
          25        0.001          0.8          2.5      12      0.04499   0.00278502    0.0306723      1.46679      5.14096      11.8437 
          35        0.001          0.5      5.91608      13      0.04718    0.0028087    0.0449117      1.05051     0.807606      1.83697 
          35        0.001          0.8      2.95804      14      0.04344   0.00278897    0.0289116      1.50251      5.20925      10.9966 
          45        0.001          0.8       3.3541      15      0.04048   0.00285463    0.0276776      1.46255      4.48478      8.60126 
          12        0.003        0.067      12.9269      16      0.02712   0.00155509     0.044553     0.608713     -11.2103     -27.9218 
          12        0.003         0.11      9.85347      17      0.02698   0.00150678    0.0413535     0.652423     -9.53923     -23.9937 
          12        0.003         0.17       7.6543      18      0.02655   0.00147227    0.0371351     0.714957     -7.18966     -17.9559 
          12        0.003         0.27        5.696      19      0.02751    0.0015435    0.0339705      0.80982     -4.18561     -10.2985 
          12        0.003         0.43      3.98836      20      0.03388   0.00191624    0.0342669      0.98871    -0.201882    -0.487326 
          12        0.003         0.67      2.43114      21      0.04193   0.00242361    0.0344479       1.2172      3.08716      6.79811 
          15        0.003        0.067      14.4527      22      0.03764    0.0058291    0.0456444     0.824635     -1.37319     -1.49979 
          15        0.003         0.11      11.0165      23       0.0278    0.0015568    0.0442067     0.628863     -10.5388     -28.3618 
          15        0.003         0.17      8.55776      24      0.02732   0.00151053    0.0399508     0.683842     -8.36183     -22.4261 
          15        0.003         0.27      6.36832      25      0.02903    0.0015762     0.036232     0.801225     -4.56923     -12.0341 
          15        0.003         0.43      4.45912      26      0.03449    0.0018957    0.0354924     0.971757     -0.52878     -1.31971 
          15        0.003         0.67       2.7181      27      0.04031   0.00229023    0.0339654       1.1868       2.7703      6.33653 
          20        0.003         0.11      12.7208      28      0.02754   0.00157364    0.0467901     0.588586     -12.2329     -30.6527 
          20        0.003         0.17      9.88165      29      0.02996   0.00165378     0.043169     0.694016     -7.98718     -22.0445 
          20        0.003         0.27      7.35351      30      0.03194   0.00170842    0.0389089     0.820892     -4.07915     -11.3584 
          20        0.003         0.43      5.14894      31      0.03618   0.00196608    0.0368888     0.980787    -0.360495    -0.950247 
          20        0.003         0.67      3.13859      32      0.03927   0.00223667     0.033292      1.17956      2.67271      6.32089 
          25        0.003         0.11      14.2223      33      0.03645   0.00775255    0.0473652     0.769553     -1.40795     -1.48382 
          25        0.003         0.17       11.048      34      0.03156   0.00171676    0.0451723     0.698658     -7.92907     -20.9219 
          25        0.003         0.27      8.22147      35      0.03205   0.00172981    0.0407497     0.786508     -5.02931     -14.1308 
          25        0.003         0.43      5.75669      36      0.03706   0.00200364    0.0378183      0.97995    -0.378438     -1.02301 
          25        0.003         0.67      3.50905      37      0.03909   0.00225268    0.0327613      1.19317      2.80938      6.72251 
          35        0.003         0.17      13.0722      38      0.03132   0.00179729    0.0468188     0.668962     -8.62343     -20.5476 
          35        0.003         0.27      9.72778      39       0.0333   0.00178178    0.0430479     0.773557     -5.47087     -14.6365 
          35        0.003         0.43      6.81141      40      0.03691   0.00201692    0.0389883     0.946694     -1.03043     -2.63106 
          35        0.003         0.67      4.15196      41      0.03975   0.00237371     0.031946      1.24429      3.28766      7.90379 
          45        0.003         0.27      11.0303      42      0.03306   0.00184337    0.0442364     0.747349       -6.063     -13.9653 
          45        0.003         0.43      7.72342      43      0.03872   0.00213522    0.0396686     0.976087    -0.444259     -1.08059 
          45        0.003         0.67      4.70788      44      0.03844    0.0023571    0.0313309       1.2269      3.01605      6.53047 
          60        0.003         0.43      8.91823      45      0.03776   0.00214967    0.0402103     0.939062     -1.13987     -2.41172 
          60        0.003         0.67       5.4362      46      0.03728   0.00233559     0.030622      1.21743      2.85069      5.73434 
          90        0.003         0.67      6.65795      47      0.03532   0.00279854    0.0296106      1.19282      2.04015      3.04943 
          12         0.01         0.02      24.2487      48      0.03014   0.00194421       0.0513     0.587525     -10.8836     -18.3423 
          12         0.01        0.032      19.0526      49      0.02966   0.00188288    0.0487954     0.607844     -10.1628      -17.342 
          12         0.01         0.05      15.0997      50      0.02732    0.0017153    0.0443515     0.615988      -9.9292     -17.1264 
          12         0.01         0.08      11.7473      51      0.02545   0.00159322    0.0391746     0.649655      -8.6144     -14.8151 
          12         0.01         0.13      8.96146      52      0.02165   0.00136807    0.0340388     0.636038     -9.05573     -15.3817 
          12         0.01          0.2       6.9282      53      0.02283   0.00150609    0.0301891     0.756233     -4.88623     -7.67266 
          12         0.01         0.32      5.04975      54       0.0242   0.00173786    0.0280511      0.86271     -2.21602     -3.13241 
          15         0.01         0.02      27.1109      55      0.03639   0.00584544    0.0532934     0.682824     -2.89172      -3.2136 
          15         0.01        0.032      21.3014      56      0.03226   0.00198524    0.0526211     0.613062     -10.2563     -19.5996 
          15         0.01         0.05      16.8819      57      0.03067   0.00186281    0.0481501     0.636966     -9.38374     -18.1506 
          15         0.01         0.08      13.1339      58      0.02573   0.00156213    0.0424786     0.605717     -10.7216     -20.5844 
          15         0.01         0.13      10.0192      59      0.02381   0.00142064    0.0367811     0.647344     -9.13043     -18.1591 
          15         0.01          0.2      7.74597      60      0.02299   0.00138284    0.0324295     0.708923     -6.82613     -13.4134 
          15         0.01         0.32      5.64579      61      0.02456   0.00148563    0.0296317     0.828842     -3.41386     -6.29535 
          20         0.01        0.032      24.5967      62      0.03445   0.00225325    0.0561675     0.613344     -9.63828     -15.8797 
          20         0.01         0.05      19.4936      63      0.03209   0.00200479    0.0526188     0.609858     -10.2399     -19.0391 
          20         0.01         0.08      15.1658      64      0.02971   0.00185348    0.0465642     0.638044     -9.09326     -16.2083 
          20         0.01         0.13      11.5692      65      0.02658   0.00159878    0.0401778     0.661559     -8.50512     -16.1776 
          20         0.01          0.2      8.94427      66      0.02542   0.00156328    0.0351668     0.722841     -6.23483     -11.3314 
          20         0.01         0.32       6.5192      67      0.02663   0.00158129    0.0315126     0.845058     -3.08775     -6.06472 
          20         0.01          0.5      4.47214      68       0.0287   0.00179576    0.0300492     0.955102    -0.751299     -1.29143 
          25         0.01        0.032         27.5      69      0.03306   0.00700256    0.0569988     0.580012     -3.41858     -3.65796 
          25         0.01         0.05      21.7945      70      0.03307   0.00205513    0.0554815     0.596055     -10.9051     -21.0449 
          25         0.01         0.08      16.9558      71      0.03202   0.00196734    0.0495267      0.64652     -8.89864     -17.2895 
          25         0.01         0.13      12.9347      72      0.02889   0.00176584    0.0426829     0.676852     -7.81096     -14.8258 
          25         0.01          0.2           10      73      0.02686   0.00160891    0.0371547     0.722924     -6.39852     -12.9127 
          25         0.01         0.32      7.28869      74      0.02769   0.00168773    0.0328349      0.84331     -3.04843     -5.87565 
          25         0.01          0.5            5      75      0.03028   0.00186216    0.0304364     0.994861   -0.0839949    -0.152655 
          25         0.01          0.8          2.5      76      0.02928   0.00259966    0.0205465      1.42506      3.35947      4.29006 
          35         0.01         0.05      25.7876      77      0.03551   0.00235279    0.0577931     0.614433     -9.47095     -15.6879 
          35         0.01         0.08      20.0624      78      0.03243   0.00208765    0.0533809     0.607521     -10.0357     -16.8786 
          35         0.01         0.13      15.3046      79      0.03161   0.00190816    0.0461876     0.684383     -7.63961     -14.6941 
          35         0.01          0.2      11.8322      80      0.02963   0.00178298    0.0399322     0.742007     -5.77811     -10.6145 
          35         0.01         0.32      8.62409      81      0.02729   0.00173908    0.0346294     0.788059     -4.22027     -8.28786 
          35         0.01          0.5      5.91608      82      0.03171   0.00195602    0.0308949      1.02638     0.416709     0.723856 
          35         0.01          0.8      2.95804      83       0.0284   0.00194224    0.0193787      1.46552      4.64479      7.38522 
          45         0.01         0.08      22.7486      84      0.03368    0.0022267    0.0553866     0.608089     -9.74831     -15.4862 
          45         0.01         0.13      17.3538      85      0.03212   0.00196694    0.0485003     0.662264      -8.3278      -15.071 
          45         0.01          0.2      13.4164      86      0.02994   0.00183808    0.0418143     0.716023     -6.46016     -11.6197 
          45         0.01         0.32       9.7788      87       0.0291   0.00183168    0.0358108     0.812603     -3.66376     -6.92809 
          45         0.01          0.5       6.7082      88      0.03255   0.00203144    0.0311451      1.04511     0.691573      1.16994 
          45         0.01          0.8       3.3541      89      0.02606   0.00181019    0.0185678      1.40351      4.13892      6.39676 
          60         0.01         0.13      20.0384      90      0.03316   0.00216228    0.0506423     0.654788     -8.08515     -12.9205 
          60         0.01          0.2      15.4919      91      0.03013    0.0018683    0.0437307      0.68899      -7.2797      -13.561 
          60         0.01         0.32      11.2916      92      0.03138   0.00191238    0.0369998     0.848113     -2.93863     -5.38017 
          60         0.01          0.5      7.74597      93      0.03225   0.00210714    0.0313417      1.02898     0.431058     0.781138 
          60         0.01          0.8      3.87298      94      0.02516   0.00168685    0.0176998      1.42149      4.42258      7.52411 
          90         0.01          0.2      18.9737      95      0.03061   0.00225353    0.0458392     0.667769     -6.75795     -9.79311 
          90         0.01         0.32      13.8293      96      0.03095    0.0020427    0.0383836     0.806333     -3.63913     -5.58413 
          90         0.01          0.5      9.48683      97      0.03039   0.00196222     0.031474     0.965558    -0.552448    -0.924089 
          90         0.01          0.8      4.74342      98      0.02396   0.00165965    0.0165774      1.44534      4.44826      7.09683 
         200         0.01         0.32      20.6155      99       0.0321   0.00374182    0.0397779      0.80698     -2.05193     -3.50386 
         200         0.01          0.5      14.1421     100       0.0315   0.00365481    0.0313043      1.00625    0.0535542    0.0969822 
         200         0.01          0.8      7.07107     101       0.0211   0.00261938    0.0146655      1.43875      2.45652      3.51266 
         400         0.01          0.8           10     102       0.0196   0.00335813     0.013276      1.47635      1.88321      2.34171 
          12         0.03       0.0067      42.1787     103      0.03331   0.00767562    0.0634236     0.525199     -3.92328     -4.12293 
          12         0.03        0.011      32.8468     104      0.03641   0.00650038    0.0612352     0.594593     -3.81903     -4.08343 
          12         0.03        0.017      26.3416     105      0.03224   0.00582296    0.0572066     0.563572     -4.28761     -4.76086 
          12         0.03        0.027      20.7953     106      0.03637   0.00648305    0.0523863     0.694266     -2.47049     -2.73148 
          12         0.03        0.043      16.3423     107      0.02906   0.00547185    0.0473701     0.613467     -3.34623     -3.59289 
          12         0.03        0.067      12.9269     108      0.02413   0.00451985    0.0424961     0.567817     -4.06343     -4.33343 
          15         0.03       0.0067      47.1572     109      0.04792   0.00997542    0.0664704     0.720923     -1.85961     -1.99518 
          15         0.03        0.011      36.7238     110      0.03531   0.00553455    0.0663455     0.532214     -5.60759     -6.43608 
          15         0.03        0.017      29.4509     111      0.03527   0.00516293    0.0622043     0.567002     -5.21687     -6.07652 
          15         0.03        0.027      23.2499     112      0.03085   0.00465263    0.0567742     0.543381     -5.57195     -6.32238 
          15         0.03        0.043      18.2712     113      0.02592    0.0040625    0.0510703     0.507536     -6.19084     -7.23504 
          15         0.03        0.067      14.4527     114      0.02366   0.00354971    0.0455835     0.519047     -6.17615     -7.01452 
          15         0.03         0.11      11.0165     115      0.02278   0.00357486    0.0395364     0.576178     -4.68728     -5.35719 
          20         0.03        0.011       42.405     116      0.03178   0.00561068     0.071486     0.444563     -7.07685     -7.98408 
          20         0.03        0.017      34.0069     117      0.03851   0.00609639    0.0682328     0.564391     -4.87548     -5.50781 
          20         0.03        0.027      26.8466     118      0.03118   0.00456071     0.062303     0.500457     -6.82417     -7.69535 
          20         0.03        0.043      21.0978     119      0.02917   0.00425242     0.055769      0.52305     -6.25503     -7.07466 
          20         0.03        0.067      16.6885     120      0.02773   0.00405503    0.0494892     0.560325     -5.36597     -6.06895 
          20         0.03         0.11      12.7208     121      0.02288   0.00347535    0.0426514     0.536442     -5.68903     -6.43426 
          25         0.03        0.011      47.4102     122      0.03729     0.010915    0.0733347      0.50849     -3.30231     -3.44926 
          25         0.03        0.017      38.0209     123      0.03875   0.00622405     0.072261     0.536251     -5.38411     -6.07254 
          25         0.03        0.027      30.0154     124      0.03755    0.0055664    0.0664076     0.565448     -5.18424     -5.85626 
          25         0.03        0.043       23.588     125      0.02978   0.00430895    0.0593352     0.501894     -6.85903     -7.58393 
          25         0.03        0.067      18.6584     126      0.02655   0.00418405    0.0524523     0.506174     -6.19073     -7.09235 
          25         0.03         0.11      14.2223     127      0.02491    0.0037591     0.044985      0.55374     -5.34037     -6.16431 
          25         0.03         0.17       11.048     128      0.02562     0.003895    0.0388052     0.660221     -3.38516     -3.89592 
          35         0.03        0.017      44.9869     129      0.05337    0.0108338    0.0760614      0.70167     -2.09449     -2.24222 
          35         0.03        0.027      35.5147     130      0.04213   0.00639252    0.0719713     0.585372     -4.66815     -5.14882 
          35         0.03        0.043      27.9097     131      0.04063   0.00618738    0.0645077     0.629848      -3.8591     -4.20409 
          35         0.03        0.067      22.0769     132      0.03063   0.00470467    0.0568022      0.53924     -5.56301     -6.29763 
          35         0.03         0.11       16.828     133      0.02992   0.00459825    0.0483898     0.618313      -4.0167     -4.60291 
          35         0.03         0.17      13.0722     134      0.02493   0.00390741    0.0414185     0.601905      -4.2198     -4.78466 
          35         0.03         0.27      9.72778     135       0.0284   0.00442138     0.035111     0.808863     -1.51786     -1.74944 
          45         0.03        0.027      40.2699     136      0.05064   0.00916318    0.0750883     0.674406      -2.6681     -2.84445 
          45         0.03        0.043      31.6467     137      0.04048   0.00628966    0.0680459     0.594893     -4.38273     -4.74216 
          45         0.03        0.067      25.0328     138      0.03804   0.00646311    0.0598894     0.635171     -3.38064      -3.7385 
          45         0.03         0.11      19.0812     139      0.02427    0.0039952    0.0508053     0.477706      -6.6418     -7.51866 
          45         0.03         0.17      14.8225     140      0.02521   0.00413698    0.0432423     0.582994     -4.35881     -5.02265 
          45         0.03         0.27      11.0303     141      0.02092   0.00342916    0.0363098     0.576153     -4.48793     -5.07889 
          60         0.03        0.043      36.5424     142        0.039   0.00742097    0.0714345     0.545954     -4.37066     -4.69982 
          60         0.03        0.067      28.9054     143      0.03913   0.00632334    0.0631618      0.61952     -3.80049     -4.15652 
          60         0.03         0.11       22.033     144      0.02613   0.00422006    0.0534129     0.489208     -6.46506     -7.13447 
          60         0.03         0.17      17.1155     145      0.02548    0.0043259    0.0451924     0.563812     -4.55682     -5.39479 
          60         0.03         0.27      12.7366     146      0.02165   0.00443614    0.0375524     0.576528     -3.58474     -4.02849 
          60         0.03         0.43      8.91823     147      0.02698   0.00474403    0.0312366      0.86373    -0.897253     -1.07009 
          90         0.03        0.067      35.4017     148      0.03286    0.0130657    0.0669379     0.490903      -2.6082     -2.66239 
          90         0.03         0.11      26.9848     149      0.03379   0.00657396    0.0567261      0.59567     -3.48893     -3.67087 
          90         0.03         0.17      20.9622     150      0.03622   0.00621656    0.0476805      0.75964     -1.84354     -2.03188 
          90         0.03         0.27      15.5991     151      0.02668    0.0044977    0.0390867     0.682585     -2.75845     -3.01351 
          90         0.03         0.43      10.9226     152      0.03214    0.0056432    0.0316788      1.01456    0.0817301    0.0888876 
          90         0.03         0.67      6.65795     153      0.02818   0.00735714      0.02234      1.26141     0.793781     0.844266 
         200         0.03         0.11      40.2266     154       0.0361   0.00587732    0.0607445     0.594292     -4.19315     -5.47102 
         200         0.03         0.17      31.2485     155       0.0331   0.00525217     0.051455     0.643281     -3.49474     -4.58541 
         200         0.03         0.27      23.2538     156       0.0283   0.00434421    0.0414151     0.683325     -3.01899     -3.76762 
         200         0.03         0.43      16.2824     157       0.0309   0.00474765    0.0321395     0.961435     -0.26107    -0.323802 
         200         0.03         0.67      9.92509     158       0.0297   0.00505179    0.0209121      1.42023      1.73956      2.23639 
         400         0.03         0.27      32.8859     159       0.0322   0.00552584    0.0425619     0.756546     -1.87516      -2.3921 
         400         0.03         0.43      23.0268     160       0.0293   0.00466459    0.0322181     0.909427    -0.625585    -0.762014 
         400         0.03         0.67      14.0362     161       0.0289   0.00502204    0.0197796       1.4611      1.81607      2.30648 
         800         0.03         0.43      32.5648     162       0.0391   0.00797918    0.0320069      1.22161     0.888948      1.05652 
         800         0.03         0.67      19.8502     163       0.0228   0.00502273    0.0187998      1.21278     0.796411     0.956607 
        1600         0.03         0.67      28.0724     164       0.0214   0.00702497    0.0180591        1.185     0.475574      0.51992 
