          Q2           xp         beta           mx   iData         Data       ErrTot       Theory        Ratio         Pull      PullUnc 
        15.3         0.05       0.0056      52.1233       0     0.054145   0.00811453    0.0478343      1.13193     0.777699      1.65275 
        15.3        0.075       0.0056      52.1233       1     0.065416    0.0134549    0.0495646      1.31981      1.17812      2.42317 
        15.3        0.016       0.0178       29.056       2     0.038896   0.00488992    0.0393037     0.989626   -0.0833844    -0.216108 
        15.3        0.025       0.0178       29.056       3     0.036244   0.00430694    0.0393697     0.920607    -0.725727     -1.93565 
        15.3        0.035       0.0178       29.056       4     0.036465     0.004779    0.0387805     0.940293    -0.484506     -1.09382 
        15.3         0.05       0.0178       29.056       5     0.038896   0.00488311    0.0384238      1.01229    0.0967055     0.238236 
        15.3        0.075       0.0178       29.056       6     0.046631   0.00708055    0.0388925      1.19897      1.09292      2.36351 
        15.3         0.09       0.0178       29.056       7     0.051714     0.010362    0.0395201      1.30855      1.17679      2.32834 
        15.3       0.0085       0.0562      16.0294       8     0.029614   0.00462396    0.0325563     0.909623    -0.636324     -2.20792 
        15.3        0.016       0.0562      16.0294       9     0.026962   0.00309171     0.030302     0.889776     -1.08031     -3.16701 
        15.3        0.025       0.0562      16.0294      10     0.024973   0.00287819    0.0289887     0.861475      -1.3952     -3.56542 
        15.3        0.035       0.0562      16.0294      11     0.026741   0.00376925     0.028423     0.940822    -0.446245     -1.01452 
        15.3         0.05       0.0562      16.0294      12      0.03094   0.00415461    0.0284084      1.08911     0.609348      1.40949 
        15.3        0.075       0.0562      16.0294      13     0.038454   0.00614687    0.0293928      1.30828      1.47411      3.04917 
        15.3         0.09       0.0562      16.0294      14     0.035802   0.00746547    0.0302717      1.18269     0.740787      1.45339 
        15.3       0.0025        0.178      8.40566      15     0.030056   0.00319415    0.0313303     0.959328    -0.398934     -1.23367 
        15.3       0.0085        0.178      8.40566      16     0.024531   0.00260699    0.0259865      0.94399    -0.558313     -1.72654 
        15.3        0.016        0.178      8.40566      17     0.021658   0.00249406    0.0237102     0.913448    -0.822823     -2.40132 
        15.3        0.025        0.178      8.40566      18     0.021437   0.00308417    0.0225819     0.949301    -0.371208    -0.866137 
        15.3        0.035        0.178      8.40566      19     0.025857     0.010347    0.0220974      1.17014     0.363354     0.641335 
        15.3         0.05        0.178      8.40566      20     0.029614    0.0102513    0.0220459      1.34329     0.738253      1.33038 
        15.3       0.0009        0.562      3.45314      21      0.03978   0.00757963    0.0437659     0.908926    -0.525876     -1.06211 
        15.3       0.0025        0.562      3.45314      22     0.038233   0.00458334    0.0364534      1.04882     0.388283      1.85595 
        15.3       0.0085        0.562      3.45314      23     0.035802   0.00407577    0.0292495      1.22402      1.60766      5.48346 
        15.3        0.016        0.562      3.45314      24     0.033371    0.0128481    0.0263197      1.26791     0.548825     0.959469 
        15.3        0.035        0.562      3.45314      25     0.020774     0.010735    0.0236166     0.879636    -0.264797    -0.471841 
        26.5        0.075       0.0056      68.5977      26     0.079339    0.0247778    0.0559623      1.41772     0.943454       1.7332 
        26.5        0.025       0.0178      38.2396      27     0.039559   0.00658084    0.0444184     0.890599    -0.738422     -1.51252 
        26.5        0.035       0.0178      38.2396      28     0.044642    0.0077914    0.0455622     0.979804    -0.118098    -0.239672 
        26.5         0.05       0.0178      38.2396      29      0.05525   0.00814596    0.0456987      1.20901      1.17252      2.53298 
        26.5        0.075       0.0178      38.2396      30     0.055029    0.0113724     0.046128      1.19296     0.782686      1.57635 
        26.5       0.0085       0.0562      21.0957      31     0.034697   0.00653788    0.0360139     0.963434    -0.201423     -0.56578 
        26.5        0.016       0.0562      21.0957      32      0.03315   0.00408189    0.0351993     0.941779    -0.502057     -1.24896 
        26.5        0.025       0.0562      21.0957      33     0.029614   0.00370329    0.0338222      0.87558     -1.13633     -2.56296 
        26.5        0.035       0.0562      21.0957      34     0.034697   0.00536178    0.0330779      1.04895      0.30197     0.630594 
        26.5         0.05       0.0562      21.0957      35     0.040664   0.00581978    0.0328457      1.23803      1.34339      3.00267 
        26.5        0.075       0.0562      21.0957      36     0.046631   0.00723472    0.0335837       1.3885      1.80343      3.67394 
        26.5         0.09       0.0562      21.0957      37     0.052377    0.0105271    0.0343531      1.52467      1.71214      3.40062 
        26.5       0.0025        0.178      11.0624      38     0.030498   0.00399163     0.032643     0.934289    -0.537377      -1.2989 
        26.5       0.0085        0.178      11.0624      39     0.027846   0.00353567    0.0287533     0.968446    -0.256611    -0.643466 
        26.5        0.016        0.178      11.0624      40     0.024973   0.00336228    0.0262377     0.951797    -0.376158    -0.920812 
        26.5        0.025        0.178      11.0624      41     0.020553   0.00294525    0.0249201     0.824757     -1.48275     -3.23089 
        26.5        0.035        0.178      11.0624      42       0.0221   0.00447234    0.0242951     0.909648     -0.49082     -1.01354 
        26.5         0.05        0.178      11.0624      43     0.023205    0.0120568    0.0240976     0.962958   -0.0740353    -0.130266 
        26.5        0.075        0.178      11.0624      44     0.037349    0.0284064    0.0246424      1.51564     0.447314       0.7836 
        26.5       0.0009        0.562      4.54456      45     0.053261    0.0229803    0.0435322      1.22349     0.423355     0.755864 
        26.5       0.0025        0.562      4.54456      46     0.041769   0.00753627    0.0367516      1.13652     0.665766      3.24182 
        26.5       0.0085        0.562      4.54456      47      0.03094   0.00390641    0.0295114      1.04841       0.3657      1.06916 
        26.5        0.025        0.562      4.54456      48     0.030056    0.0181922    0.0248139      1.21125     0.288147      0.50644 
          46         0.05       0.0178      50.3812      49     0.069173    0.0131403    0.0518057      1.33524      1.32168       2.5867 
          46        0.075       0.0178      50.3812      50     0.048178    0.0166424    0.0533626     0.902842    -0.311531    -0.566389 
          46        0.016       0.0562       27.794      51     0.036023   0.00654281    0.0389907     0.923888    -0.453576    -0.936163 
          46        0.025       0.0562       27.794      52     0.038012   0.00665438    0.0384415     0.988827   -0.0645474    -0.131391 
          46        0.035       0.0562       27.794      53     0.034918   0.00590858    0.0377536     0.924891    -0.479919    -0.956188 
          46         0.05       0.0562       27.794      54     0.043979   0.00721376     0.037419      1.17531     0.909372      1.90406 
          46        0.075       0.0562       27.794      55     0.046852    0.0081196    0.0379887      1.23331      1.09159      2.22946 
          46         0.09       0.0562       27.794      56     0.059007    0.0103727    0.0386808      1.52549      1.95959      3.73697 
          46       0.0085        0.178      14.5749      57     0.026741   0.00407298    0.0312444     0.855864     -1.10569     -2.50356 
          46        0.016        0.178      14.5749      58     0.029393   0.00405964    0.0286813      1.02481     0.175301     0.397719 
          46        0.025        0.178      14.5749      59     0.029835   0.00514288    0.0272243       1.0959     0.507643      1.02948 
          46        0.035        0.178      14.5749      60     0.028509    0.0045173    0.0264893      1.07625     0.447111     0.915681 
          46         0.05        0.178      14.5749      61     0.032708   0.00538064    0.0261825      1.24923      1.21278      2.51019 
          46        0.075        0.178      14.5749      62     0.044421   0.00927176    0.0266163      1.66894      1.92032      3.75384 
          46         0.09        0.178      14.5749      63     0.039117    0.0108588    0.0271439       1.4411      1.10262      2.24046 
          46       0.0025        0.562      5.98753      64     0.043316   0.00618707    0.0369077      1.17363      1.03576      2.84663 
          46       0.0085        0.562      5.98753      65     0.029835   0.00417978    0.0297329      1.00344    0.0244359    0.0658709 
          46        0.016        0.562      5.98753      66     0.027404    0.0041772    0.0267334      1.02508     0.160529     0.343146 
          46        0.025        0.562      5.98753      67     0.023426   0.00586235    0.0249876     0.937505    -0.266377    -0.512776 
          46        0.035        0.562      5.98753      68     0.029835   0.00835849    0.0239133      1.24763     0.708461      1.26804 
          46         0.05        0.562      5.98753      69      0.02652    0.0120667    0.0230448       1.1508     0.287998     0.499225 
          80        0.035       0.0562      36.6536      70     0.050167    0.0173923    0.0413214      1.21407     0.508595     0.928021 
          80         0.05       0.0562      36.6536      71     0.051935    0.0143739    0.0412684      1.25847     0.742084      1.36923 
          80        0.075       0.0562      36.6536      72     0.047736    0.0206119    0.0418233      1.14137     0.286861     0.516098 
          80       0.0085        0.178      19.2208      73     0.045526    0.0127262    0.0325556      1.39841      1.01919      1.89934 
          80        0.016        0.178      19.2208      74     0.029393   0.00713548    0.0306112     0.960205    -0.170722    -0.318805 
          80        0.025        0.178      19.2208      75     0.032266   0.00729811    0.0291243      1.10787     0.430485     0.811413 
          80        0.035        0.178      19.2208      76     0.035802   0.00932475    0.0283055      1.26484     0.803941      1.49564 
          80         0.05        0.178      19.2208      77     0.032266   0.00896821    0.0278896      1.15692     0.487992     0.904236 
          80        0.075        0.178      19.2208      78     0.040443    0.0188444    0.0281849      1.43491     0.650488      1.16575 
          80       0.0085        0.562      7.89612      79     0.025636   0.00561639    0.0296536     0.864514    -0.715342     -1.56719 
          80        0.016        0.562      7.89612      80      0.01989   0.00540426    0.0266593     0.746082     -1.25258     -2.43096 
          80        0.025        0.562      7.89612      81     0.022984   0.00743695    0.0249003     0.923042    -0.257669    -0.490435 
          80        0.035        0.562      7.89612      82     0.024089    0.0108888    0.0238066      1.01186    0.0259342    0.0468915 
         200         0.05       0.0562      57.9545      83     0.035802    0.0174588    0.0437288     0.818727    -0.454032    -0.790742 
         200        0.075       0.0562      57.9545      84     0.063648    0.0409655    0.0463787      1.37235     0.421556     0.733309 
         200        0.016        0.178      30.3907      85     0.032045    0.0116307    0.0314857      1.01776    0.0480914     0.087274 
         200        0.025        0.178      30.3907      86     0.043979    0.0129167    0.0311953       1.4098     0.989701      1.81673 
         200        0.035        0.178      30.3907      87     0.037349    0.0148262    0.0305864       1.2211     0.456127     0.823026 
         200         0.05        0.178      30.3907      88     0.051935    0.0188618    0.0301663      1.72163      1.15412      2.09577 
         200        0.075        0.178      30.3907      89     0.046189    0.0284113    0.0303474      1.52201     0.557579     0.979922 
         200       0.0085        0.562      12.4849      90     0.024089   0.00869132    0.0290255     0.829924    -0.567984     -1.07857 
         200        0.016        0.562      12.4849      91     0.020553   0.00853771     0.026182     0.785005    -0.659308     -1.19077 
         200        0.025        0.562      12.4849      92     0.016354   0.00804992    0.0244539     0.668768     -1.00621      -1.8344 
         200        0.035        0.562      12.4849      93     0.034918    0.0205146    0.0233637      1.49454     0.563222      1.00272 
         200         0.05        0.562      12.4849      94     0.033371    0.0168694    0.0224487      1.48655     0.647466      1.12862 
         200        0.075        0.562      12.4849      95     0.050388    0.0437681    0.0217558      2.31607     0.654178      1.13647 
