          Q2           xp         beta           mx   iData         Data       ErrTot       Theory        Ratio         Pull      PullUnc 
          12       0.0003         0.67      2.43114       0      0.06314   0.00422849     0.021039      3.00109       9.9565      34.7116 
          12        0.001          0.2       6.9282       1      0.03227   0.00177925    0.0679234     0.475094     -20.0385     -61.2858 
          12        0.001         0.32      5.04975       2       0.0365   0.00200318    0.0523157     0.697688     -7.89527     -22.3164 
          12        0.001          0.5       3.4641       3      0.04438   0.00249596    0.0302841      1.46546       5.6475      13.9285 
          15        0.001          0.2      7.74597       4      0.04107   0.00543786    0.0692433     0.593126     -5.18095     -5.81905 
          15        0.001         0.32      5.64579       5       0.0384    0.0020853    0.0569697     0.674043     -8.90503     -27.1608 
          15        0.001          0.5      3.87298       6      0.04522   0.00252666    0.0344944      1.31094      4.24497      11.1563 
          20        0.001         0.32       6.5192       7      0.03892   0.00213316    0.0611625     0.636338      -10.427     -29.7507 
          20        0.001          0.5      4.47214       8      0.04528   0.00251538     0.039351      1.15067      2.35708      6.35154 
          20        0.001          0.8      2.23607       9       0.0451   0.00283987    0.0165941      2.71783      10.0378      23.5228 
          25        0.001         0.32      7.28869      10      0.05186    0.0128154    0.0622104     0.833623    -0.807652    -0.833626 
          25        0.001          0.5            5      11      0.04764   0.00268353    0.0424785      1.12151       1.9234      5.25545 
          25        0.001          0.8          2.5      12      0.04499   0.00278502    0.0174677      2.57562      9.88226      22.7667 
          35        0.001          0.5      5.91608      13      0.04718    0.0028087    0.0457267      1.03178     0.517443      1.17697 
          35        0.001          0.8      2.95804      14      0.04344   0.00278897    0.0183452      2.36793      8.99789      18.9943 
          45        0.001          0.8       3.3541      15      0.04048   0.00285463    0.0187415      2.15992      7.61519       14.605 
          12        0.003        0.067      12.9269      16      0.02712   0.00155509    0.0834227     0.325091     -36.2054     -90.1782 
          12        0.003         0.11      9.85347      17      0.02698   0.00150678    0.0786885     0.342871     -34.3173     -86.3171 
          12        0.003         0.17       7.6543      18      0.02655   0.00147227    0.0673424     0.394254     -27.7071     -69.1976 
          12        0.003         0.27        5.696      19      0.02751    0.0015435    0.0513181     0.536068     -15.4247     -37.9518 
          12        0.003         0.43      3.98836      20      0.03388   0.00191624    0.0315749        1.073      1.20292      2.90374 
          12        0.003         0.67      2.43114      21      0.04193   0.00242361    0.0149046      2.81322      11.1509      24.5548 
          15        0.003        0.067      14.4527      22      0.03764    0.0058291    0.0857413     0.438995     -8.25193      -9.0127 
          15        0.003         0.11      11.0165      23       0.0278    0.0015568    0.0845024     0.328985     -36.4224     -98.0196 
          15        0.003         0.17      8.55776      24      0.02732   0.00151053    0.0731638     0.373409     -30.3495     -81.3964 
          15        0.003         0.27      6.36832      25      0.02903    0.0015762    0.0564432     0.514322      -17.392     -45.8056 
          15        0.003         0.43      4.45912      26      0.03449    0.0018957    0.0356558     0.967303    -0.614994     -1.53488 
          15        0.003         0.67       2.7181      27      0.04031   0.00229023    0.0172077      2.34256      10.0873      23.0728 
          20        0.003         0.11      12.7208      28      0.02754   0.00157364    0.0897499     0.306853     -39.5325     -99.0591 
          20        0.003         0.17      9.88165      29      0.02996   0.00165378    0.0798518     0.375195     -30.1683      -83.264 
          20        0.003         0.27      7.35351      30      0.03194   0.00170842    0.0626133     0.510115     -17.9542     -49.9934 
          20        0.003         0.43      5.14894      31      0.03618   0.00196608    0.0405747     0.891688     -2.23527     -5.89206 
          20        0.003         0.67      3.13859      32      0.03927   0.00223667    0.0196776      1.99567      8.75966      20.7164 
          25        0.003         0.11      14.2223      33      0.03645   0.00775255    0.0907876     0.401487       -7.009     -7.38671 
          25        0.003         0.17       11.048      34      0.03156   0.00171676    0.0840275     0.375591      -30.562     -80.6416 
          25        0.003         0.27      8.22147      35      0.03205   0.00172981    0.0669437     0.478761      -20.172     -56.6768 
          25        0.003         0.43      5.75669      36      0.03706   0.00200364    0.0440579     0.841166     -3.49258     -9.44129 
          25        0.003         0.67      3.50905      37      0.03909   0.00225268    0.0213265      1.83293      7.88547       18.869 
          35        0.003         0.17      13.0722      38      0.03132   0.00179729     0.087206      0.35915     -31.0946     -74.0913 
          35        0.003         0.27      9.72778      39       0.0333   0.00178178    0.0723805     0.460069     -21.9334     -58.6795 
          35        0.003         0.43      6.81141      40      0.03691   0.00201692    0.0487049     0.757829     -5.84798      -14.932 
          35        0.003         0.67      4.15196      41      0.03975   0.00237371    0.0234483      1.69522      6.86758      16.5102 
          45        0.003         0.27      11.0303      42      0.03306   0.00184337     0.075156     0.439885     -22.8364     -52.6004 
          45        0.003         0.43      7.72342      43      0.03872   0.00213522    0.0516326     0.749913     -6.04744     -14.7095 
          45        0.003         0.67      4.70788      44      0.03844    0.0023571     0.024745      1.55344       5.8101      12.5803 
          60        0.003         0.43      8.91823      45      0.03776   0.00214967    0.0542803     0.695648     -7.68505     -16.2599 
          60        0.003         0.67       5.4362      46      0.03728   0.00233559    0.0259431      1.43699      4.85399      9.76411 
          90        0.003         0.67      6.65795      47      0.03532   0.00279854    0.0271272      1.30201      2.92753      4.37581 
          12         0.01         0.02      24.2487      48      0.03014   0.00194421    0.0930678      0.32385     -32.3669     -54.5482 
          12         0.01        0.032      19.0526      49      0.02966   0.00188288     0.088835     0.333877     -31.4278     -53.6289 
          12         0.01         0.05      15.0997      50      0.02732    0.0017153    0.0810558     0.337052     -31.3274      -54.035 
          12         0.01         0.08      11.7473      51      0.02545   0.00159322    0.0714085       0.3564     -28.8463     -49.6101 
          12         0.01         0.13      8.96146      52      0.02165   0.00136807    0.0626675     0.345474      -29.982     -50.9264 
          12         0.01          0.2       6.9282      53      0.02283   0.00150609    0.0515314     0.443031     -19.0569     -29.9243 
          12         0.01         0.32      5.04975      54       0.0242   0.00173786     0.036745     0.658593     -7.21867     -10.2038 
          15         0.01         0.02      27.1109      55      0.03639   0.00584544    0.0973623     0.373759     -10.4307     -11.5918 
          15         0.01        0.032      21.3014      56      0.03226   0.00198524    0.0964396      0.33451     -32.3284     -61.7793 
          15         0.01         0.05      16.8819      57      0.03067   0.00186281    0.0885681     0.346287     -31.0811      -60.119 
          15         0.01         0.08      13.1339      58      0.02573   0.00156213    0.0779452     0.330104     -33.4256     -64.1737 
          15         0.01         0.13      10.0192      59      0.02381   0.00142064    0.0683013     0.348602     -31.3178     -62.2866 
          15         0.01          0.2      7.74597      60      0.02299   0.00138284    0.0562827     0.408474     -24.0755     -47.3086 
          15         0.01         0.32      5.64579      61      0.02456   0.00148563    0.0406332     0.604431     -10.8192     -19.9512 
          20         0.01        0.032      24.5967      62      0.03445   0.00225325     0.103674     0.332293     -30.7216     -50.6158 
          20         0.01         0.05      19.4936      63      0.03209   0.00200479    0.0974845     0.329181     -32.6191     -60.6491 
          20         0.01         0.08      15.1658      64      0.02971   0.00185348    0.0861023     0.345055      -30.425     -54.2312 
          20         0.01         0.13      11.5692      65      0.02658   0.00159878    0.0753927     0.352554     -30.5312     -58.0735 
          20         0.01          0.2      8.94427      66      0.02542   0.00156328      0.06218     0.408813     -23.5147     -42.7363 
          20         0.01         0.32       6.5192      67      0.02663   0.00158129    0.0453877     0.586723     -11.8623     -23.2989 
          20         0.01          0.5      4.47214      68       0.0287   0.00179576    0.0273149      1.05071     0.771309      1.32582 
          25         0.01        0.032         27.5      69      0.03306   0.00700256     0.105661     0.312887     -10.3678     -11.0938 
          25         0.01         0.05      21.7945      70      0.03307   0.00205513     0.103275     0.320213     -34.1608     -65.9243 
          25         0.01         0.08      16.9558      71      0.03202   0.00196734    0.0920775     0.347751     -30.5272     -59.3124 
          25         0.01         0.13      12.9347      72      0.02889   0.00176584    0.0807131     0.357935     -29.3476      -55.704 
          25         0.01          0.2           10      73      0.02686   0.00160891    0.0665588     0.403553     -24.6743     -49.7947 
          25         0.01         0.32      7.28869      74      0.02769   0.00168773    0.0488418     0.566932     -12.5327      -24.156 
          25         0.01          0.5            5      75      0.03028   0.00186216    0.0297507      1.01779     0.284248     0.516601 
          25         0.01          0.8          2.5      76      0.02928   0.00259966    0.0119865      2.44275      6.65221       8.4949 
          35         0.01         0.05      25.7876      77      0.03551   0.00235279     0.108131     0.328398     -30.8659     -51.1271 
          35         0.01         0.08      20.0624      78      0.03243   0.00208765    0.0999231     0.324549     -32.3298     -54.3743 
          35         0.01         0.13      15.3046      79      0.03161   0.00190816    0.0882503     0.358186     -29.6833      -57.093 
          35         0.01          0.2      11.8322      80      0.02963   0.00178298    0.0728061     0.406971     -24.2157     -44.4849 
          35         0.01         0.32      8.62409      81      0.02729   0.00173908    0.0536413      0.50875     -15.1524     -29.7567 
          35         0.01          0.5      5.91608      82      0.03171   0.00195602    0.0330326     0.959961    -0.676164     -1.17455 
          35         0.01          0.8      2.95804      83       0.0284   0.00194224    0.0125521      2.26257      8.15962      12.9738 
          45         0.01         0.08      22.7486      84      0.03368    0.0022267     0.104053     0.323683     -31.6039     -50.2062 
          45         0.01         0.13      17.3538      85      0.03212   0.00196694    0.0932826      0.34433     -31.0953      -56.274 
          45         0.01          0.2      13.4164      86      0.02994   0.00183808    0.0771285     0.388183     -25.6727     -46.1765 
          45         0.01         0.32       9.7788      87       0.0291   0.00183168    0.0568913     0.511502     -15.1726      -28.691 
          45         0.01          0.5       6.7082      88      0.03255   0.00203144    0.0351731     0.925424     -1.29123     -2.18438 
          45         0.01          0.8       3.3541      89      0.02606   0.00181019    0.0128247      2.03202      7.31157      11.3001 
          60         0.01         0.13      20.0384      90      0.03316   0.00216228    0.0979688     0.338475     -29.9725     -47.8974 
          60         0.01          0.2      15.4919      91      0.03013    0.0018683    0.0815977     0.369251     -27.5478     -51.3175 
          60         0.01         0.32      11.2916      92      0.03138   0.00191238    0.0602738     0.520624     -15.1089     -27.6619 
          60         0.01          0.5      7.74597      93      0.03225   0.00210714    0.0373046     0.864504     -2.39882     -4.34699 
          60         0.01          0.8      3.87298      94      0.02516   0.00168685    0.0130239      1.93183      7.19455        12.24 
          90         0.01          0.2      18.9737      95      0.03061   0.00225353    0.0865597     0.353629     -24.8276     -35.9783 
          90         0.01         0.32      13.8293      96      0.03095    0.0020427    0.0643944     0.480632     -16.3726     -25.1233 
          90         0.01          0.5      9.48683      97      0.03039   0.00196222    0.0397696     0.764151     -4.78013     -7.99581 
          90         0.01          0.8      4.74342      98      0.02396   0.00165965    0.0131397      1.82348      6.51961      10.4015 
         200         0.01         0.32      20.6155      99       0.0321   0.00374182    0.0689923     0.465269     -9.85945     -16.8359 
         200         0.01          0.5      14.1421     100       0.0315   0.00365481     0.042984     0.732831     -3.14216     -5.69018 
         200         0.01          0.8      7.07107     101       0.0211   0.00261938    0.0129391      1.63071      3.11558      4.45508 
         400         0.01          0.8           10     102       0.0196   0.00335813    0.0124708      1.57167      2.12298      2.63986 
          12         0.03       0.0067      42.1787     103      0.03331   0.00767562     0.105817     0.314788     -9.44641     -9.92713 
          12         0.03        0.011      32.8468     104      0.03641   0.00650038     0.102029     0.356859     -10.0946     -10.7935 
          12         0.03        0.017      26.3416     105      0.03224   0.00582296    0.0951371     0.338879     -10.8016     -11.9938 
          12         0.03        0.027      20.7953     106      0.03637   0.00648305    0.0869766     0.418159     -7.80598     -8.63065 
          12         0.03        0.043      16.3423     107      0.02906   0.00547185     0.078561     0.369903     -9.04649     -9.71333 
          12         0.03        0.067      12.9269     108      0.02413   0.00451985    0.0703387     0.343054     -10.2235     -10.9028 
          15         0.03       0.0067      47.1572     109      0.04792   0.00997542     0.111969     0.427976     -6.42066     -6.88875 
          15         0.03        0.011      36.7238     110      0.03531   0.00553455     0.111775     0.315904     -13.8159     -15.8571 
          15         0.03        0.017      29.4509     111      0.03527   0.00516293     0.104642     0.337054     -13.4366     -15.6507 
          15         0.03        0.027      23.2499     112      0.03085   0.00465263    0.0953572     0.323521     -13.8647      -15.732 
          15         0.03        0.043      18.2712     113      0.02592    0.0040625    0.0856787     0.302526     -14.7098     -17.1909 
          15         0.03        0.067      14.4527     114      0.02366   0.00354971    0.0763286     0.309976     -14.8374     -16.8515 
          15         0.03         0.11      11.0165     115      0.02278   0.00357486       0.0671     0.339494     -12.3977     -14.1695 
          20         0.03        0.011       42.405     116      0.03178   0.00561068     0.121815     0.260888      -16.047     -18.1042 
          20         0.03        0.017      34.0069     117      0.03851   0.00609639     0.116212     0.331377     -12.7456     -14.3986 
          20         0.03        0.027      26.8466     118      0.03118   0.00456071     0.105986     0.294189     -16.4024     -18.4963 
          20         0.03        0.043      21.0978     119      0.02917   0.00425242    0.0947807     0.307763      -15.429     -17.4507 
          20         0.03        0.067      16.6885     120      0.02773   0.00405503    0.0839768      0.33021     -13.8709      -15.688 
          20         0.03         0.11      12.7208     121      0.02288   0.00347535     0.073488     0.311343      -14.562     -16.4695 
          25         0.03        0.011      47.4102     122      0.03729     0.010915     0.125797     0.296429     -8.10876     -8.46961 
          25         0.03        0.017      38.0209     123      0.03875   0.00622405     0.124059      0.31235     -13.7064      -15.459 
          25         0.03        0.027      30.0154     124      0.03755    0.0055664     0.113939     0.329563     -13.7232     -15.5021 
          25         0.03        0.043       23.588     125      0.02978   0.00430895     0.101741     0.292705     -16.7003     -18.4652 
          25         0.03        0.067      18.6584     126      0.02655   0.00418405    0.0898359     0.295539     -15.1255     -17.3284 
          25         0.03         0.11      14.2223     127      0.02491    0.0037591    0.0783526     0.317922     -14.2169     -16.4103 
          25         0.03         0.17       11.048     128      0.02562     0.003895    0.0656566     0.390212      -10.279     -11.8299 
          35         0.03        0.017      44.9869     129      0.05337    0.0108338     0.131764     0.405043       -7.236     -7.74637 
          35         0.03        0.027      35.5147     130      0.04213   0.00639252     0.124817     0.337535     -12.9349     -14.2668 
          35         0.03        0.043      27.9097     131      0.04063   0.00618738     0.111892     0.363118     -11.5173     -12.5469 
          35         0.03        0.067      22.0769     132      0.03063   0.00470467    0.0984853     0.311011      -14.423     -16.3276 
          35         0.03         0.11       16.828     133      0.02992   0.00459825    0.0855104     0.349899     -12.0895     -13.8539 
          35         0.03         0.17      13.0722     134      0.02493   0.00390741    0.0713726     0.349294     -11.8858     -13.4768 
          35         0.03         0.27      9.72778     135       0.0284   0.00442138    0.0551094     0.515338     -6.04098     -6.96265 
          45         0.03        0.027      40.2699     136      0.05064   0.00916318     0.131046     0.386428     -8.77494     -9.35492 
          45         0.03        0.043      31.6467     137      0.04048   0.00628966     0.118904     0.340444     -12.4687     -13.4912 
          45         0.03        0.067      25.0328     138      0.03804   0.00646311     0.104681      0.36339      -10.311     -11.4024 
          45         0.03         0.11      19.0812     139      0.02427    0.0039952    0.0906525     0.267726     -16.6156     -18.8092 
          45         0.03         0.17      14.8225     140      0.02521   0.00413698    0.0754402     0.334172     -12.1418      -13.991 
          45         0.03         0.27      11.0303     141      0.02092   0.00342916    0.0581229     0.359927      -10.849     -12.2776 
          60         0.03        0.043      36.5424     142        0.039   0.00742097     0.125705      0.31025     -11.6838     -12.5637 
          60         0.03        0.067      28.9054     143      0.03913   0.00632334     0.111306     0.351554     -11.4142     -12.4835 
          60         0.03         0.11       22.033     144      0.02613   0.00422006    0.0962652     0.271438     -16.6195     -18.3403 
          60         0.03         0.17      17.1155     145      0.02548    0.0043259    0.0798606     0.319056     -12.5709     -14.8826 
          60         0.03         0.27      12.7366     146      0.02165   0.00443614    0.0613419      0.35294     -8.94741      -10.055 
          60         0.03         0.43      8.91823     147      0.02698   0.00474403    0.0409723     0.658493     -2.94946     -3.51761 
          90         0.03        0.067      35.4017     148      0.03286    0.0130657      0.11905     0.276018     -6.59669     -6.73374 
          90         0.03         0.11      26.9848     149      0.03379   0.00657396     0.103491       0.3265     -10.6027     -11.1556 
          90         0.03         0.17      20.9622     150      0.03622   0.00621656    0.0856062       0.4231      -7.9443     -8.75591 
          90         0.03         0.27      15.5991     151      0.02668    0.0044977    0.0654596      0.40758     -8.62209     -9.41931 
          90         0.03         0.43      10.9226     152      0.03214    0.0056432    0.0434671      0.73941     -2.00721     -2.18299 
          90         0.03         0.67      6.65795     153      0.02818   0.00735714     0.020829      1.35292     0.999169      1.06272 
         200         0.03         0.11      40.2266     154       0.0361   0.00587732     0.112434     0.321076     -12.9879      -16.946 
         200         0.03         0.17      31.2485     155       0.0331   0.00525217    0.0945558     0.350058      -11.701     -15.3528 
         200         0.03         0.27      23.2538     156       0.0283   0.00434421    0.0720564     0.392748     -10.0723       -12.57 
         200         0.03         0.43      16.2824     157       0.0309   0.00474765    0.0471837     0.654887     -3.42985     -4.25401 
         200         0.03         0.67      9.92509     158       0.0297   0.00505179    0.0214857      1.38232      1.62602      2.09042 
         400         0.03         0.27      32.8859     159       0.0322   0.00552584    0.0755641     0.426128     -7.84751     -10.0109 
         400         0.03         0.43      23.0268     160       0.0293   0.00466459    0.0492865     0.594483     -4.28473     -5.21915 
         400         0.03         0.67      14.0362     161       0.0289   0.00502204    0.0215301      1.34231      1.46752       1.8638 
         800         0.03         0.43      32.5648     162       0.0391   0.00797918    0.0501391      0.77983     -1.38349     -1.64429 
         800         0.03         0.67      19.8502     163       0.0228   0.00502273    0.0213189      1.06948     0.294886     0.354202 
        1600         0.03         0.67      28.0724     164       0.0214   0.00702497    0.0209864      1.01971    0.0588767    0.0643669 
