          Q2           xp         beta           mx   iData         Data       ErrTot       Theory        Ratio         Pull      PullUnc 
        15.3         0.05       0.0056      52.1233       0     0.054145   0.00811453     0.128803      0.42037     -9.20055     -19.5528 
        15.3        0.075       0.0056      52.1233       1     0.065416    0.0134549     0.144899      0.45146     -5.90736     -12.1504 
        15.3        0.016       0.0178       29.056       2     0.038896   0.00488992     0.103498     0.375815     -13.2112     -34.2396 
        15.3        0.025       0.0178       29.056       3     0.036244   0.00430694     0.104229     0.347735      -15.785     -42.1013 
        15.3        0.035       0.0178       29.056       4     0.036465     0.004779     0.105281     0.346357     -14.3998     -32.5088 
        15.3         0.05       0.0178       29.056       5     0.038896   0.00488311     0.109647     0.354738     -14.4889     -35.6937 
        15.3        0.075       0.0178       29.056       6     0.046631   0.00708055     0.122003     0.382212     -10.6449     -23.0203 
        15.3         0.09       0.0178       29.056       7     0.051714     0.010362     0.131361     0.393678     -7.68642      -15.208 
        15.3       0.0085       0.0562      16.0294       8     0.029614   0.00462396    0.0882565     0.335545     -12.6823     -44.0051 
        15.3        0.016       0.0562      16.0294       9     0.026962   0.00309171    0.0825915      0.32645     -17.9931     -52.7481 
        15.3        0.025       0.0562      16.0294      10     0.024973   0.00287819    0.0805399      0.31007     -19.3062     -49.3367 
        15.3        0.035       0.0562      16.0294      11     0.026741   0.00376925    0.0812757     0.329016     -14.4683      -32.893 
        15.3         0.05       0.0562      16.0294      12      0.03094   0.00415461    0.0855238     0.361771     -13.1381     -30.3898 
        15.3        0.075       0.0562      16.0294      13     0.038454   0.00614687    0.0971934     0.395644     -9.55599     -19.7664 
        15.3         0.09       0.0562      16.0294      14     0.035802   0.00746547     0.105868     0.338176     -9.38535     -18.4136 
        15.3       0.0025        0.178      8.40566      15     0.030056   0.00319415    0.0738781     0.406832     -13.7195     -42.4265 
        15.3       0.0085        0.178      8.40566      16     0.024531   0.00260699    0.0615557     0.398517     -14.2021     -43.9188 
        15.3        0.016        0.178      8.40566      17     0.021658   0.00249406    0.0569187     0.380507     -14.1379       -41.26 
        15.3        0.025        0.178      8.40566      18     0.021437   0.00308417    0.0555373     0.385993     -11.0565     -25.7981 
        15.3        0.035        0.178      8.40566      19     0.025857     0.010347    0.0562238     0.459894     -2.93485     -5.18012 
        15.3         0.05        0.178      8.40566      20     0.029614    0.0102513    0.0594993      0.49772     -2.91527     -5.25349 
        15.3       0.0009        0.562      3.45314      21      0.03978   0.00757963    0.0292999      1.35768      1.38267      2.79259 
        15.3       0.0025        0.562      3.45314      22     0.038233   0.00458334    0.0246735      1.54956      2.95844       14.141 
        15.3       0.0085        0.562      3.45314      23     0.035802   0.00407577     0.020334       1.7607      3.79512      12.9445 
        15.3        0.016        0.562      3.45314      24     0.033371    0.0128481    0.0192406      1.73441      1.09981      1.92271 
        15.3        0.035        0.562      3.45314      25     0.020774     0.010735    0.0204707      1.01482    0.0282518    0.0503418 
        26.5        0.075       0.0056      68.5977      26     0.079339    0.0247778     0.168213     0.471657     -3.58685     -6.58932 
        26.5        0.025       0.0178      38.2396      27     0.039559   0.00658084     0.122657     0.322518     -12.6272     -25.8645 
        26.5        0.035       0.0178      38.2396      28     0.044642    0.0077914      0.12668     0.352398     -10.5294     -21.3686 
        26.5         0.05       0.0178      38.2396      29      0.05525   0.00814596     0.131783     0.419248     -9.39527     -20.2964 
        26.5        0.075       0.0178      38.2396      30     0.055029    0.0113724     0.144132     0.381797     -7.83501     -15.7799 
        26.5       0.0085       0.0562      21.0957      31     0.034697   0.00653788     0.102569     0.338281     -10.3813     -29.1601 
        26.5        0.016       0.0562      21.0957      32      0.03315   0.00408189    0.0990904     0.334543     -16.1544     -40.1869 
        26.5        0.025       0.0562      21.0957      33     0.029614   0.00370329    0.0964505     0.307038     -18.0479     -40.7066 
        26.5        0.035       0.0562      21.0957      34     0.034697   0.00536178    0.0965358     0.359421     -11.5333     -24.0845 
        26.5         0.05       0.0562      21.0957      35     0.040664   0.00581978     0.100115     0.406173     -10.2153     -22.8327 
        26.5        0.075       0.0562      21.0957      36     0.046631   0.00723472     0.111167     0.419466     -8.92038     -18.1726 
        26.5         0.09       0.0562      21.0957      37     0.052377    0.0105271     0.119635     0.437807     -6.38902     -12.6898 
        26.5       0.0025        0.178      11.0624      38     0.030498   0.00399163    0.0836595     0.364549     -13.3182     -32.1917 
        26.5       0.0085        0.178      11.0624      39     0.027846   0.00353567     0.073407     0.379337     -12.8861     -32.3126 
        26.5        0.016        0.178      11.0624      40     0.024973   0.00336228     0.067619     0.369319     -12.6837     -31.0488 
        26.5        0.025        0.178      11.0624      41     0.020553   0.00294525    0.0654196     0.314172     -15.2335     -33.1937 
        26.5        0.035        0.178      11.0624      42       0.0221   0.00447234    0.0655172     0.337316     -9.70793     -20.0467 
        26.5         0.05        0.178      11.0624      43     0.023205    0.0120568    0.0681947     0.340276     -3.73147     -6.56558 
        26.5        0.075        0.178      11.0624      44     0.037349    0.0284064    0.0762532     0.489802     -1.36956     -2.39918 
        26.5       0.0009        0.562      4.54456      45     0.053261    0.0229803    0.0367709      1.44845     0.717575      1.28117 
        26.5       0.0025        0.562      4.54456      46     0.041769   0.00753627    0.0315287      1.32479      1.35881      6.61645 
        26.5       0.0085        0.562      4.54456      47      0.03094   0.00390641    0.0258104      1.19874      1.31311      3.83901 
        26.5        0.025        0.562      4.54456      48     0.030056    0.0181922    0.0237826      1.26378     0.344839     0.606078 
          46         0.05       0.0178      50.3812      49     0.069173    0.0131403     0.150509     0.459595     -6.18977     -12.1142 
          46        0.075       0.0178      50.3812      50     0.048178    0.0166424     0.165429      0.29123     -7.04532      -12.809 
          46        0.016       0.0562       27.794      51     0.036023   0.00654281     0.112289     0.320807     -11.6564     -24.0584 
          46        0.025       0.0562       27.794      52     0.038012   0.00665438     0.111206     0.341816     -10.9994     -22.3901 
          46        0.035       0.0562       27.794      53     0.034918   0.00590858     0.111211     0.313978     -12.9123     -25.7265 
          46         0.05       0.0562       27.794      54     0.043979   0.00721376     0.114395     0.384449     -9.76133     -20.4384 
          46        0.075       0.0562       27.794      55     0.046852    0.0081196     0.124995     0.374831     -9.62398      -19.656 
          46         0.09       0.0562       27.794      56     0.059007    0.0103727     0.133314     0.442617     -7.16372     -13.6613 
          46       0.0085        0.178      14.5749      57     0.026741   0.00407298    0.0838367     0.318965     -14.0182     -31.7407 
          46        0.016        0.178      14.5749      58     0.029393   0.00405964    0.0774609     0.379456     -11.8404     -26.8633 
          46        0.025        0.178      14.5749      59     0.029835   0.00514288    0.0745874     0.400001     -8.70181      -17.647 
          46        0.035        0.178      14.5749      60     0.028509    0.0045173    0.0741667     0.384391     -10.1073     -20.6997 
          46         0.05        0.178      14.5749      61     0.032708   0.00538064    0.0763094     0.428624     -8.10338     -16.7722 
          46        0.075        0.178      14.5749      62     0.044421   0.00927176    0.0837762     0.530234     -4.24463     -8.29741 
          46         0.09        0.178      14.5749      63     0.039117    0.0108588    0.0896302     0.436427     -4.65184     -9.45228 
          46       0.0025        0.562      5.98753      64     0.043316   0.00618707    0.0367412      1.17895      1.06268      2.92062 
          46       0.0085        0.562      5.98753      65     0.029835   0.00417978     0.030089     0.991558   -0.0607727    -0.163822 
          46        0.016        0.562      5.98753      66     0.027404    0.0041772    0.0278203     0.985037   -0.0996533    -0.213019 
          46        0.025        0.562      5.98753      67     0.023426   0.00586235    0.0271732       0.8621    -0.639196     -1.23045 
          46        0.035        0.562      5.98753      68     0.029835   0.00835849    0.0275485        1.083     0.273559     0.489632 
          46         0.05        0.562      5.98753      69      0.02652    0.0120667    0.0292177     0.907669    -0.223565    -0.387535 
          80        0.035       0.0562      36.6536      70     0.050167    0.0173923     0.123798     0.405233     -4.23353     -7.72483 
          80         0.05       0.0562      36.6536      71     0.051935    0.0143739      0.12756     0.407141     -5.26129     -9.70767 
          80        0.075       0.0562      36.6536      72     0.047736    0.0206119      0.13814     0.345563       -4.386     -7.89094 
          80       0.0085        0.178      19.2208      73     0.045526    0.0127262    0.0910285     0.500129      -3.5755     -6.66323 
          80        0.016        0.178      19.2208      74     0.029393   0.00713548    0.0859748     0.341879     -7.92964     -14.8078 
          80        0.025        0.178      19.2208      75     0.032266   0.00729811     0.082776     0.389799     -6.92098     -13.0452 
          80        0.035        0.178      19.2208      76     0.035802   0.00932475    0.0819577     0.436835      -4.9498     -9.20851 
          80         0.05        0.178      19.2208      77     0.032266   0.00896821      0.08364     0.385772     -5.72846     -10.6147 
          80        0.075        0.178      19.2208      78     0.040443    0.0188444    0.0905656      0.44656     -2.65981     -4.76669 
          80       0.0085        0.562      7.89612      79     0.025636   0.00561639    0.0331995      0.77218     -1.34669     -2.95035 
          80        0.016        0.562      7.89612      80      0.01989   0.00540426    0.0305615     0.650818     -1.97465     -3.83234 
          80        0.025        0.562      7.89612      81     0.022984   0.00743695    0.0296331      0.77562    -0.894056     -1.70171 
          80        0.035        0.562      7.89612      82     0.024089    0.0108888    0.0297725     0.809104    -0.521955    -0.943743 
         200         0.05       0.0562      57.9545      83     0.035802    0.0174588     0.139316     0.256985     -5.92904      -10.326 
         200        0.075       0.0562      57.9545      84     0.063648    0.0409655     0.155425     0.409508     -2.24036     -3.89717 
         200        0.016        0.178      30.3907      85     0.032045    0.0116307    0.0927644     0.345445      -5.2206     -9.47409 
         200        0.025        0.178      30.3907      86     0.043979    0.0129167    0.0927679     0.474075     -3.77719     -6.93356 
         200        0.035        0.178      30.3907      87     0.037349    0.0148262    0.0923258     0.404535     -3.70808     -6.69079 
         200         0.05        0.178      30.3907      88     0.051935    0.0188618    0.0937453     0.554001     -2.21666     -4.02525 
         200        0.075        0.178      30.3907      89     0.046189    0.0284113     0.100053     0.461643     -1.89588     -3.33193 
         200       0.0085        0.562      12.4849      90     0.024089   0.00869132    0.0361235     0.666851     -1.38466     -2.62939 
         200        0.016        0.562      12.4849      91     0.020553   0.00853771    0.0332762     0.617649     -1.49023     -2.69149 
         200        0.025        0.562      12.4849      92     0.016354   0.00804992    0.0320657     0.510015     -1.95179     -3.55825 
         200        0.035        0.562      12.4849      93     0.034918    0.0205146    0.0319401      1.09323     0.145161     0.258433 
         200         0.05        0.562      12.4849      94     0.033371    0.0168694    0.0329619      1.01241    0.0242518    0.0422743 
         200        0.075        0.562      12.4849      95     0.050388    0.0437681    0.0363655       1.3856      0.32038     0.556579 
