#-*-sh-*-
# 
# H1 HERA-I+HERA-II diffractive DIS data
# 

##########################################################
#  General parameters of this dataset 
##########################################################
AlposName                       "H1-ZEUS-Comb-2012"  # A unique alpos name 
Description                    	"H1 and ZEUS Combined 2012"
Reference                       "Eur Phys J C (2012) 72-2175" 
arXiv                           1207.4864
Inspire                         1123363
Title                           "Combined inclusive diffractive cross sections measured with forward proton spectrometers in deep inelastic ep scattering at HERA"



########################################################## 
#  Theory function settings 
##########################################################  
TheoryFunction                      ApfelxxDDISCS #ApfelDDISCS #ApfelxxDDISCS  #maral


########################################################## 
#  theory parameters, specific to this dataset 
#  not specified parameters are taken from default as
#  specified in the global steering file                                      
##########################################################          
sqrt-s                           318.       # sqrt-s only needed if y is not given in table
e-charge                         -1.
e-polarity                       0.
IsReducedCS                      true
IsNC                             true


##########################################################          
#
#   Data table
#
##########################################################   

#   ColumnType = 4*'Bin','Sigma',6*'Error'
#   ColumnName ='xpom,Q2,Beta,MX,Sigma_reduced,stat,uncor,cor,exp,proc,tot'



Data {{
"xp"	"Q2"	"beta"	"mx"	       "Sigma"	     "dstat" "duncor"	"dcor"	"dexp"	"dproc"	"dtot"
0.05	2.5	0.0018	37.2342435	0.02431		19	5.8	4.7	21	7.6	22
0.075	2.5	0.0018	37.2342435	0.036686	14	6.9	5.3	17	7.6	18
0.09	2.5	0.0018	37.2342435	0.028288	14	9.6	5.1	18	7.9	20
0.0085	2.5	0.0056	21.06961251	0.022321	19	11	7.6	23	9.3	25
0.016	2.5	0.0056	21.06961251	0.020553	12	6.9	5.1	14	3.9	15
0.025	2.5	0.0056	21.06961251	0.021216	16	9.8	5	20	4.6	20
0.035	2.5	0.0056	21.06961251	0.02431		18	11	4.9	22	2.3	22
0.05	2.5	0.0056	21.06961251	0.025857	9.8	6.4	5.3	13	1.5	13
0.075	2.5	0.0056	21.06961251	0.031603	14	11	5.7	19	4.7	19
0.09	2.5	0.0056	21.06961251	0.034034	15	6.4	5.7	17	4.3	17
0.0025	2.5	0.0178	11.74518787	0.021879	14	6.8	4.5	16	8.2	18
0.0085	2.5	0.0178	11.74518787	0.016796	8.3	7.1	4.5	12	1.7	12
0.016	2.5	0.0178	11.74518787	0.016133	8.2	9.5	4.5	13	1.4	13
0.025	2.5	0.0178	11.74518787	0.015691	8.8	9.2	4.5	14	1.4	14
0.035	2.5	0.0178	11.74518787	0.020995	15	29	4.9	33	2.3	33
0.05	2.5	0.0178	11.74518787	0.025194	7.8	7.1	4.5	11	2.2	12
0.075	2.5	0.0178	11.74518787	0.027183	11	7.8	4.9	14	1.7	14
0.0009	2.5	0.0562	6.479505056	0.025194	13	8.6	5.2	16	3.4	17
0.0025	2.5	0.0562	6.479505056	0.016354	9.3	5.7	4.8	12	2.8	12
0.0085	2.5	0.0562	6.479505056	0.014144	9.6	6.7	4.5	13	2.3	13
0.016	2.5	0.0562	6.479505056	0.015028	10	10	4.6	15	4.4	16
0.025	2.5	0.0562	6.479505056	0.013923	14	14	4.9	20	1.9	20
0.0003	2.5	0.178	3.397785134	0.034476	8.8	5.4	4.7	11	2.6	12
0.0009	2.5	0.178	3.397785134	0.022542	5.9	4.3	4.4	8.5	2.2	8.8
0.0025	2.5	0.178	3.397785134	0.015028	8	6.3	4.7	11	2.6	12
0.0085	2.5	0.178	3.397785134	0.016354	9.3	10	4.8	15	3.9	15
0.016	2.5	0.178	3.397785134	0.025636	18	7.5	5	20	2.3	20
0.0003	2.5	0.562	1.395850485	0.047294	16	8.8	5	19	2.3	19
0.0009	2.5	0.562	1.395850485	0.038012	19	23	5	31	2.3	31
0.0025	2.5	0.562	1.395850485	0.02431		21	28	4.9	36	2.3	36
0.05	5.1	0.0018	53.18113701	0.043979	5.9	0	6.6	8.9	1.8	9.1
0.075	5.1	0.0018	53.18113701	0.051272	6.7	0	5.1	8.4	2.1	8.7
0.016	5.1	0.0056	30.09342596	0.029835	3.9	0.6	5.9	7.1	2	7.4
0.025	5.1	0.0056	30.09342596	0.02652		3.4	0.3	5.2	6.2	2	6.6
0.035	5.1	0.0056	30.09342596	0.029614	4	0.6	4.7	6.2	1.5	6.3
0.05	5.1	0.0056	30.09342596	0.032487	3.9	0.6	5.4	6.7	3.4	7.5
0.075	5.1	0.0056	30.09342596	0.03978		5.7	1.3	6.1	8.4	3.7	9.2
0.09	5.1	0.0056	30.09342596	0.049504	12	3.8	4.9	14	3.1	14
0.0085	5.1	0.0178	16.77548372	0.02652		2.6	0.4	5.9	6.4	7.6	10
0.016	5.1	0.0178	16.77548372	0.024531	2.6	0.2	5.2	5.8	2.8	6.5
0.025	5.1	0.0178	16.77548372	0.024089	3	0.5	5.2	6	2.2	6.4
0.035	5.1	0.0178	16.77548372	0.022321	4.3	0.6	5.2	6.8	2.2	7.2
0.05	5.1	0.0178	16.77548372	0.029614	4.1	1.4	5.1	6.7	2.2	7
0.075	5.1	0.0178	16.77548372	0.034034	6.4	2.2	4.8	8.3	2.9	8.8
0.0025	5.1	0.0562	9.254584321	0.023647	2.4	0.2	5	5.6	3.4	6.8
0.0085	5.1	0.0562	9.254584321	0.019448	2.7	0.3	5	5.7	3.5	6.7
0.016	5.1	0.0562	9.254584321	0.019448	3.2	0.3	5.1	6	2.7	6.6
0.025	5.1	0.0562	9.254584321	0.018564	4.5	0.7	5	6.7	3.1	7.4
0.05	5.1	0.0562	9.254584321	0.020995	16	13	4.9	21	1.9	21
0.075	5.1	0.0562	9.254584321	0.033813	23	14	5	27	1.9	27
0.0009	5.1	0.178	4.853007871	0.026741	11	7.4	4.9	14	11	18
0.0025	5.1	0.178	4.853007871	0.026078	1.6	0.2	5.9	6.1	4.2	7.4
0.0085	5.1	0.178	4.853007871	0.020995	2.8	0.5	5	5.8	3.5	6.7
0.016	5.1	0.178	4.853007871	0.016575	14	12	4.9	19	2.3	19
0.025	5.1	0.178	4.853007871	0.023647	13	13	4.9	20	1.9	20
0.035	5.1	0.178	4.853007871	0.014365	20	14	5	25	2.3	25
0.0003	5.1	0.562	1.993673267	0.060775	13	8.2	4.9	16	2.3	16
0.0009	5.1	0.562	1.993673267	0.041327	7	8	4.6	12	1.8	12
0.0025	5.1	0.562	1.993673267	0.033813	1.4	0.1	6.1	6.2	6.1	8.7
0.0085	5.1	0.562	1.993673267	0.030277	19	19	4.9	27	2.3	27
0.075	8.8	0.0018	69.857633	0.063648	12	0	6.2	13	1.5	13
0.025	8.8	0.0056	39.53009703	0.033592	5	0.8	5.1	7.2	2	7.5
0.035	8.8	0.0056	39.53009703	0.037791	5.1	1.2	4.9	7.2	1.7	7.4
0.05	8.8	0.0056	39.53009703	0.043537	4.1	1.2	4.6	6.3	1.6	6.5
0.075	8.8	0.0056	39.53009703	0.046852	5.9	1.1	4.8	7.7	3.8	8.6
0.09	8.8	0.0056	39.53009703	0.062101	9.6	4.4	5	12	5.7	13
0.0085	8.8	0.0178	22.03592572	0.028288	4.2	0.9	5.1	6.7	4	7.8
0.016	8.8	0.0178	22.03592572	0.027404	3.1	0.6	4.9	5.8	1.5	6
0.025	8.8	0.0178	22.03592572	0.029393	3.4	0.6	4.8	5.9	1.5	6.1
0.035	8.8	0.0178	22.03592572	0.02873		4.5	0.5	4.8	6.6	1.4	6.8
0.05	8.8	0.0178	22.03592572	0.035139	3.8	1	4.6	6.1	1.5	6.3
0.075	8.8	0.0178	22.03592572	0.035802	5.6	1.7	4.8	7.6	2.3	8
0.09	8.8	0.0178	22.03592572	0.04862		9.5	5.9	5	12	2.7	13
0.0025	8.8	0.0562	12.15662905	0.027625	3.4	0.4	5	6.1	3.8	7.1
0.0085	8.8	0.0562	12.15662905	0.023426	3.2	0.6	5	6	2	6.3
0.016	8.8	0.0562	12.15662905	0.023868	2.9	0.2	5	5.8	2.7	6.4
0.025	8.8	0.0562	12.15662905	0.021658	3.6	0.5	5	6.2	2.5	6.7
0.035	8.8	0.0562	12.15662905	0.024089	5.2	0	4.9	7.2	2.1	7.5
0.05	8.8	0.0562	12.15662905	0.031824	5.1	1.1	5.1	7.3	2.4	7.7
0.075	8.8	0.0562	12.15662905	0.03094		11	4.3	4.6	12	1.7	13
0.0009	8.8	0.178	6.374809977	0.039117	7.7	2.7	5	9.6	1.6	9.7
0.0025	8.8	0.178	6.374809977	0.028509	2.3	0.4	5.1	5.6	2.5	6.1
0.0085	8.8	0.178	6.374809977	0.022984	2.6	0.4	4.6	5.3	2.7	5.9
0.016	8.8	0.178	6.374809977	0.01989		3.9	0.7	5.3	6.6	2.6	7.1
0.025	8.8	0.178	6.374809977	0.021658	14	14	4.9	21	1.9	21
0.035	8.8	0.178	6.374809977	0.022763	17	11	4.9	21	2.3	21
0.05	8.8	0.178	6.374809977	0.025636	12	8.3	4.5	15	1.8	16
0.0003	8.8	0.562	2.618847645	0.05525		7.1	4.2	4.4	9.3	8.9	13
0.0009	8.8	0.562	2.618847645	0.045747	5.6	3.5	4.4	7.9	6.7	10
0.0025	8.8	0.562	2.618847645	0.036686	1.6	0.1	6.1	6.3	8.3	10
0.0085	8.8	0.562	2.618847645	0.031382	8.5	4.3	4.3	10	8	13
0.016	8.8	0.562	2.618847645	0.022542	17	13	4.4	22	2.3	22
0.05	15.3	0.0056	52.12334273	0.054145	6.7	2.2	4.9	8.6	1.1	8.7
0.075	15.3	0.0056	52.12334273	0.065416	10	0	5.7	12	1.6	12
0.016	15.3	0.0178	29.05599012	0.038896	4.8	0.7	5	7	2.4	7.4
0.025	15.3	0.0178	29.05599012	0.036244	4.4	0.7	4.8	6.6	2.4	7
0.035	15.3	0.0178	29.05599012	0.036465	5.7	1.1	4.7	7.5	1.4	7.6
0.05	15.3	0.0178	29.05599012	0.038896	4.9	1.4	4.8	7	2.2	7.4
0.075	15.3	0.0178	29.05599012	0.046631	6.7	2.1	4.8	8.5	2.6	8.9
0.09	15.3	0.0178	29.05599012	0.051714	10	1.6	4.8	11	3.3	12
0.0085	15.3	0.0562	16.02941025	0.029614	4.5	0	6	7.5	6.1	9.7
0.016	15.3	0.0562	16.02941025	0.026962	3.9	0.3	4.9	6.3	2.5	6.8
0.025	15.3	0.0562	16.02941025	0.024973	4.5	0.3	4.8	6.6	1	6.7
0.035	15.3	0.0562	16.02941025	0.026741	6.2	0	5	8	2	8.2
0.05	15.3	0.0562	16.02941025	0.03094		5.7	1.1	4.9	7.6	2	7.8
0.075	15.3	0.0562	16.02941025	0.038454	7.6	1.4	4.7	9.1	2.1	9.3
0.09	15.3	0.0562	16.02941025	0.035802	10	3.6	5.1	12	2.8	12
0.0025	15.3	0.178	8.405656202	0.030056	3.4	0.5	5	6	1.3	6.2
0.0085	15.3	0.178	8.405656202	0.024531	3.4	0.5	4.8	5.9	2.2	6.2
0.016	15.3	0.178	8.405656202	0.021658	3.9	0.6	5	6.4	2.2	6.8
0.025	15.3	0.178	8.405656202	0.021437	6.1	0.9	5.2	8.1	2.4	8.4
0.035	15.3	0.178	8.405656202	0.025857	15	17	4.9	23	2.3	23
0.05	15.3	0.178	8.405656202	0.029614	12	15	4.9	20	2.3	20
0.0009	15.3	0.562	3.453143392	0.03978		8.8	3.4	4.6	11	3.3	11
0.0025	15.3	0.562	3.453143392	0.038233	2.5	0.2	5.8	6.3	3.5	7.2
0.0085	15.3	0.562	3.453143392	0.035802	3.3	0.5	5.1	6.1	3	6.8
0.016	15.3	0.562	3.453143392	0.033371	17	14	4.9	22	2.3	22
0.035	15.3	0.562	3.453143392	0.020774	20	21	4.9	30	2.3	30
0.075	26.5	0.0056	68.59768842	0.079339	17	0	5.3	18	3.2	18
0.025	26.5	0.0178	38.23956125	0.039559	8	1.4	4.8	9.4	2.3	9.7
0.035	26.5	0.0178	38.23956125	0.044642	8.6	0	5.3	10	1.6	10
0.05	26.5	0.0178	38.23956125	0.05525		6.7	1.3	4.8	8.4	1.8	8.6
0.075	26.5	0.0178	38.23956125	0.055029	10	2.3	5.2	12	2.6	12
0.0085	26.5	0.0562	21.09574007	0.034697	6.6	1.2	5.3	8.6	8	12
0.016	26.5	0.0562	21.09574007	0.03315		4.9	0.7	4.8	7	1.8	7.2
0.025	26.5	0.0562	21.09574007	0.029614	5.5	0.7	4.5	7.1	1.3	7.3
0.035	26.5	0.0562	21.09574007	0.034697	7.4	0	4.8	8.8	1.6	9
0.05	26.5	0.0562	21.09574007	0.040664	6.2	1.6	5.1	8.2	1.3	8.3
0.075	26.5	0.0562	21.09574007	0.046631	7.4	1.8	4.5	8.9	1.5	9
0.09	26.5	0.0562	21.09574007	0.052377	9.6	3.2	5	11	3.4	12
0.0025	26.5	0.178	11.06238693	0.030498	5.4	0.4	5.1	7.5	1.4	7.6
0.0085	26.5	0.178	11.06238693	0.027846	5	0.8	4.8	7	2.7	7.5
0.016	26.5	0.178	11.06238693	0.024973	5.5	0	5.1	7.6	2.2	7.9
0.025	26.5	0.178	11.06238693	0.020553	6.5	1	4.9	8.2	1.4	8.3
0.035	26.5	0.178	11.06238693	0.0221		9.8	0	5.7	11	4	12
0.05	26.5	0.178	11.06238693	0.023205	26	14	4.9	30	1.9	30
0.075	26.5	0.178	11.06238693	0.037349	42	11	4.9	44	1.9	44
0.0009	26.5	0.562	4.544559925	0.053261	22	10	4.9	25	1.9	25
0.0025	26.5	0.562	4.544559925	0.041769	3.7	0.2	6	7	9.1	12
0.0085	26.5	0.562	4.544559925	0.03094		4.3	0.4	5	6.6	3.8	7.6
0.025	26.5	0.562	4.544559925	0.030056	31	15	4.9	35	1.9	35
0.05	46	0.0178	50.38124317	0.069173	8.6	4.5	4.7	11	1.6	11
0.075	46	0.0178	50.38124317	0.048178	19	0	5.1	20	2.5	20
0.016	46	0.0562	27.79398025	0.036023	8.8	0	5.2	10	2.1	11
0.025	46	0.0562	27.79398025	0.038012	8.6	0	5.3	10	2.1	10
0.035	46	0.0562	27.79398025	0.034918	8.3	1.8	4.6	9.6	2.2	9.8
0.05	46	0.0562	27.79398025	0.043979	7.6	1.9	4.8	9.2	2.8	9.6
0.075	46	0.0562	27.79398025	0.046852	8.4	1.2	4.9	9.7	3.2	10
0.09	46	0.0562	27.79398025	0.059007	8.9	2.4	4.8	10	1	10
0.0085	46	0.178	14.57487449	0.026741	6.6	1.3	5.4	8.6	2.1	8.9
0.016	46	0.178	14.57487449	0.029393	5.9	1.5	4.8	7.7	2.4	8.1
0.025	46	0.178	14.57487449	0.029835	8.5	0	4.9	9.8	2.2	10
0.035	46	0.178	14.57487449	0.028509	7.5	1.9	4.6	9	2.1	9.2
0.05	46	0.178	14.57487449	0.032708	7.4	2.9	4.8	9.3	2.4	9.6
0.075	46	0.178	14.57487449	0.044421	9.9	4	4.7	12	3.4	12
0.09	46	0.178	14.57487449	0.039117	13	4.2	5	14	8.6	17
0.0025	46	0.562	5.987531529	0.043316	5.1	1	5.4	7.5	4.2	8.6
0.0085	46	0.562	5.987531529	0.029835	5.1	1	4.9	7.2	4.6	8.5
0.016	46	0.562	5.987531529	0.027404	6.9	1.8	4.8	8.6	2.3	8.9
0.025	46	0.562	5.987531529	0.023426	13	0	5.9	14	1.2	15
0.035	46	0.562	5.987531529	0.029835	14	7	4.8	16	2.2	16
0.05	46	0.562	5.987531529	0.02652		17	20	4.9	26	2.3	26
0.0009	46	0.816	3.220644193	0.032045	21	5.3	4.5	22	1.4	22
0.0025	46	0.816	3.220644193	0.028951	17	8.1	5.3	20	3	20
0.0085	46	0.816	3.220644193	0.02431		18	3.9	4.3	19	1.5	19
0.016	46	0.816	3.220644193	0.020332	27	3.9	5.4	28	4.1	28
0.035	80	0.0562	36.65361571	0.050167	19	0	5.8	20	2.7	20
0.05	80	0.0562	36.65361571	0.051935	15	0	5	16	2	16
0.075	80	0.0562	36.65361571	0.047736	24	0	5.9	25	1.9	25
0.0085	80	0.178	19.22077528	0.045526	15	0	6	16	2.9	16
0.016	80	0.178	19.22077528	0.029393	13	0	4.8	14	2.3	14
0.025	80	0.178	19.22077528	0.032266	12	0	5.2	13	1.6	13
0.035	80	0.178	19.22077528	0.035802	14	0	5.6	15	1	15
0.05	80	0.178	19.22077528	0.032266	15	0	5.5	16	2.3	16
0.075	80	0.178	19.22077528	0.040443	26	0	5.3	27	3	27
0.0085	80	0.562	7.896122748	0.025636	10	0	6.4	12	5.1	13
0.016	80	0.562	7.896122748	0.01989		14	0	7	15	3.5	16
0.025	80	0.562	7.896122748	0.022984	17	0	6.7	18	5.3	19
0.035	80	0.562	7.896122748	0.024089	25	0	7.3	26	3.6	26
0.05	200	0.0562	57.95445506	0.035802	28	0	5	28	1	28
0.075	200	0.0562	57.95445506	0.063648	37	0	5.5	37	2.3	37
0.016	200	0.178	30.39071413	0.032045	20	0	5.8	21	1.3	21
0.025	200	0.178	30.39071413	0.043979	16	0	5	17	1.9	17
0.035	200	0.178	30.39071413	0.037349	22	0	5.2	23	2.6	23
0.05	200	0.178	30.39071413	0.051935	20	0	5.5	21	2.6	21
0.075	200	0.178	30.39071413	0.046189	35	0	5.6	35	2.5	36
0.0085	200	0.562	12.48486628	0.024089	19	0	6.6	21	3.9	21
0.016	200	0.562	12.48486628	0.020553	23	0	6.4	24	1.9	24
0.025	200	0.562	12.48486628	0.016354	27	0	6.7	28	4.9	29
0.035	200	0.562	12.48486628	0.034918	33	0	6.7	34	2.4	34
0.05	200	0.562	12.48486628	0.033371	29	0	5.4	29	1.8	29
0.075	200	0.562	12.48486628	0.050388	50	0	5.9	50	3.2	50
}}


Subsets { Q2 }

Cuts { }

TheoryFactors { }

ErrorSet                   "H1"
ErrorUnit                  percent

Errors {{
 ErrorName       Column          Correlation      Nature
  dstat           dstat             ESM0            P
  duncor          duncor            EYM0            M
  dcor            dcor              EYM1            M
  dexp            dexp             EYM1             M
  dproc           dproc            EYM1             M
  dtot            dtot             EYM1             M
}}




