          Q2           xp         beta           mx   iData         Data       ErrTot       Theory        Ratio         Pull      PullUnc 
          12       0.0003         0.67      2.43114       0      0.06314   0.00422849    0.0467881      1.34949      3.86707      13.4819 
          12        0.001          0.2       6.9282       1      0.03227   0.00177925    0.0237363      1.35952      4.79623      14.6688 
          12        0.001         0.32      5.04975       2       0.0365   0.00200318    0.0277378      1.31589      4.37413      12.3637 
          12        0.001          0.5       3.4641       3      0.04438   0.00249596    0.0337793      1.31382      4.24713      10.4748 
          15        0.001          0.2      7.74597       4      0.04107   0.00543786    0.0241447      1.70099      3.11249      3.49584 
          15        0.001         0.32      5.64579       5       0.0384    0.0020853    0.0285932      1.34298      4.70283      14.3439 
          15        0.001          0.5      3.87298       6      0.04522   0.00252666    0.0341472      1.32427       4.3824      11.5175 
          20        0.001         0.32       6.5192       7      0.03892   0.00213316     0.029339      1.32656      4.49145      12.8151 
          20        0.001          0.5      4.47214       8      0.04528   0.00251538    0.0344857      1.31301      4.29133      11.5637 
          20        0.001          0.8      2.23607       9       0.0451   0.00283987    0.0337537      1.33615      3.99537      9.36289 
          25        0.001         0.32      7.28869      10      0.05186    0.0128154    0.0294955      1.75824      1.74513      1.80125 
          25        0.001          0.5            5      11      0.04764   0.00268353    0.0346135      1.37634      4.85422      13.2636 
          25        0.001          0.8          2.5      12      0.04499   0.00278502    0.0325807      1.38088      4.45573      10.2651 
          35        0.001          0.5      5.91608      13      0.04718    0.0028087    0.0345303      1.36634      4.50377      10.2442 
          35        0.001          0.8      2.95804      14      0.04344   0.00278897    0.0309062      1.40554      4.49406      9.48685 
          45        0.001          0.8       3.3541      15      0.04048   0.00285463    0.0297198      1.36206      3.76939      7.22922 
          12        0.003        0.067      12.9269      16      0.02712   0.00155509    0.0212649      1.27534       3.7651      9.37788 
          12        0.003         0.11      9.85347      17      0.02698   0.00150678     0.020735      1.30118       4.1446      10.4248 
          12        0.003         0.17       7.6543      18      0.02655   0.00147227    0.0204839      1.29614      4.12022      10.2901 
          12        0.003         0.27        5.696      19      0.02751    0.0015435    0.0218685      1.25797      3.65499      8.99295 
          12        0.003         0.43      3.98836      20      0.03388   0.00191624    0.0258544      1.31042       4.1882      10.1099 
          12        0.003         0.67      2.43114      21      0.04193   0.00242361    0.0308251      1.36026      4.58197      10.0898 
          15        0.003        0.067      14.4527      22      0.03764    0.0058291    0.0218317       1.7241      2.71196      2.96198 
          15        0.003         0.11      11.0165      23       0.0278    0.0015568    0.0220335      1.26172      3.70408      9.96836 
          15        0.003         0.17      8.55776      24      0.02732   0.00151053    0.0217301      1.25724      3.70063      9.92497 
          15        0.003         0.27      6.36832      25      0.02903    0.0015762    0.0228732      1.26917      3.90613      10.2877 
          15        0.003         0.43      4.45912      26      0.03449    0.0018957    0.0264229      1.30531      4.25546      10.6207 
          15        0.003         0.67       2.7181      27      0.04031   0.00229023    0.0303929       1.3263      4.33017      9.90442 
          20        0.003         0.11      12.7208      28      0.02754   0.00157364    0.0232275      1.18566      2.74046      6.86693 
          20        0.003         0.17      9.88165      29      0.02996   0.00165378     0.023156      1.29383      4.11422      11.3552 
          20        0.003         0.27      7.35351      30      0.03194   0.00170842    0.0240611      1.32745      4.61179      12.8415 
          20        0.003         0.43      5.14894      31      0.03618   0.00196608    0.0270659      1.33674       4.6357      12.2195 
          20        0.003         0.67      3.13859      32      0.03927   0.00223667    0.0298067      1.31749        4.231      10.0062 
          25        0.003         0.11      14.2223      33      0.03645   0.00775255    0.0235266      1.54931      1.66699      1.75682 
          25        0.003         0.17       11.048      34      0.03156   0.00171676    0.0240445      1.31257      4.37774      11.5512 
          25        0.003         0.27      8.22147      35      0.03205   0.00172981    0.0248745      1.28847      4.14815       11.655 
          25        0.003         0.43      5.75669      36      0.03706   0.00200364    0.0274854      1.34835      4.77862      12.9177 
          25        0.003         0.67      3.50905      37      0.03909   0.00225268     0.029351      1.33181       4.3233      10.3451 
          35        0.003         0.17      13.0722      38      0.03132   0.00179729    0.0247771      1.26407      3.64045      8.67435 
          35        0.003         0.27      9.72778      39       0.0333   0.00178178    0.0258854      1.28644      4.16134       11.133 
          35        0.003         0.43      6.81141      40      0.03691   0.00201692    0.0280046        1.318      4.41535       11.274 
          35        0.003         0.67      4.15196      41      0.03975   0.00237371    0.0286616      1.38687      4.67134      11.2302 
          45        0.003         0.27      11.0303      42      0.03306   0.00184337    0.0263963      1.25245      3.61496      8.32656 
          45        0.003         0.43      7.72342      43      0.03872   0.00213522    0.0282959       1.3684      4.88199      11.8747 
          45        0.003         0.67      4.70788      44      0.03844    0.0023571    0.0281468       1.3657       4.3669      9.45539 
          60        0.003         0.43      8.91823      45      0.03776   0.00214967    0.0285059      1.32464       4.3049      9.10821 
          60        0.003         0.67       5.4362      46      0.03728   0.00233559    0.0275578      1.35279      4.16266      8.37345 
          90        0.003         0.67      6.65795      47      0.03532   0.00279854    0.0267214      1.32178      3.07251      4.59252 
          12         0.01         0.02      24.2487      48      0.03014   0.00194421    0.0245757      1.22641      2.86197      4.82331 
          12         0.01        0.032      19.0526      49      0.02966   0.00188288     0.022989      1.29018      3.54297      6.04577 
          12         0.01         0.05      15.0997      50      0.02732    0.0017153      0.02075      1.31663      3.83024      6.60658 
          12         0.01         0.08      11.7473      51      0.02545   0.00159322    0.0186296      1.36611      4.28092      7.36236 
          12         0.01         0.13      8.96146      52      0.02165   0.00136807    0.0173454      1.24817      3.14645      5.34445 
          12         0.01          0.2       6.9282      53      0.02283   0.00150609    0.0172271      1.32523      3.72014      5.84159 
          12         0.01         0.32      5.04975      54       0.0242   0.00173786    0.0188682      1.28258      3.06804      4.33676 
          15         0.01         0.02      27.1109      55      0.03639   0.00584544    0.0255468      1.42445      1.85499      2.06147 
          15         0.01        0.032      21.3014      56      0.03226   0.00198524    0.0248194      1.29979      3.74798      7.16234 
          15         0.01         0.05      16.8819      57      0.03067   0.00186281    0.0225272      1.36146      4.37123      8.45512 
          15         0.01         0.08      13.1339      58      0.02573   0.00156213    0.0201367      1.27777      3.58055      6.87428 
          15         0.01         0.13      10.0192      59      0.02381   0.00142064    0.0185715      1.28207      3.68742      7.33376 
          15         0.01          0.2      7.74597      60      0.02299   0.00138284    0.0182177      1.26196      3.45111      6.78146 
          15         0.01         0.32      5.64579      61      0.02456   0.00148563    0.0195817      1.25423      3.35097       6.1794 
          20         0.01        0.032      24.5967      62      0.03445   0.00225325    0.0265271      1.29867      3.51622      5.79319 
          20         0.01         0.05      19.4936      63      0.03209   0.00200479    0.0246176      1.30354      3.72725      6.93012 
          20         0.01         0.08      15.1658      64      0.02971   0.00185348    0.0219983      1.35056      4.16066      7.41619 
          20         0.01         0.13      11.5692      65      0.02658   0.00159878    0.0200917      1.32293      4.05827      7.71925 
          20         0.01          0.2      8.94427      66      0.02542   0.00156328    0.0194297      1.30831      3.83191      6.96424 
          20         0.01         0.32       6.5192      67      0.02663   0.00158129    0.0204309      1.30342      3.92028       7.6999 
          20         0.01          0.5      4.47214      68       0.0287   0.00179576    0.0230263       1.2464      3.15951      5.43098 
          25         0.01        0.032         27.5      69      0.03306   0.00700256    0.0269567      1.22641     0.871588     0.932621 
          25         0.01         0.05      21.7945      70      0.03307   0.00205513    0.0259618      1.27379      3.45875      6.67476 
          25         0.01         0.08      16.9558      71      0.03202   0.00196734    0.0233476      1.37144      4.40816      8.56477 
          25         0.01         0.13      12.9347      72      0.02889   0.00176584    0.0212137      1.36186      4.34712      8.25118 
          25         0.01          0.2           10      73      0.02686   0.00160891    0.0203112      1.32242      4.07033      8.21425 
          25         0.01         0.32      7.28869      74      0.02769   0.00168773    0.0210264      1.31692      3.94829      7.61007 
          25         0.01          0.5            5      75      0.03028   0.00186216    0.0231903      1.30572      3.80727      6.91945 
          25         0.01          0.8          2.5      76      0.02928   0.00259966    0.0214818      1.36302      2.99972      3.83065 
          35         0.01         0.05      25.7876      77      0.03551   0.00235279    0.0270798      1.31131      3.58306      5.93508 
          35         0.01         0.08      20.0624      78      0.03243   0.00208765    0.0251092      1.29156      3.50673      5.89785 
          35         0.01         0.13      15.3046      79      0.03161   0.00190816    0.0227874      1.38717      4.62362      8.89311 
          35         0.01          0.2      11.8322      80      0.02963   0.00178298    0.0215499      1.37495       4.5318      8.32502 
          35         0.01         0.32      8.62409      81      0.02729   0.00173908    0.0218381      1.24965      3.13493      6.15645 
          35         0.01          0.5      5.91608      82      0.03171   0.00195602    0.0233734      1.35667      4.26204       7.4035 
          35         0.01          0.8      2.95804      83       0.0284   0.00194224    0.0203897      1.39286      4.12426      6.55759 
          45         0.01         0.08      22.7486      84      0.03368    0.0022267    0.0260389      1.29345      3.43158      5.45143 
          45         0.01         0.13      17.3538      85      0.03212   0.00196694    0.0238303      1.34787      4.21453      7.62715 
          45         0.01          0.2      13.4164      86      0.02994   0.00183808    0.0223946      1.33693      4.10504      7.38358 
          45         0.01         0.32       9.7788      87       0.0291   0.00183168    0.0223763      1.30048      3.67076      6.94134 
          45         0.01          0.5       6.7082      88      0.03255   0.00203144    0.0234635      1.38726      4.47292      7.56687 
          45         0.01          0.8       3.3541      89      0.02606   0.00181019    0.0196247      1.32792      3.55506       5.4944 
          60         0.01         0.13      20.0384      90      0.03316   0.00216228    0.0248025      1.33696      3.86513      6.17667 
          60         0.01          0.2      15.4919      91      0.03013    0.0018683    0.0232594      1.29539      3.67748      6.85059 
          60         0.01         0.32      11.2916      92      0.03138   0.00191238    0.0229225      1.36896      4.42252      8.09694 
          60         0.01          0.5      7.74597      93      0.03225   0.00210714    0.0235217      1.37107      4.14226      7.50634 
          60         0.01          0.8      3.87298      94      0.02516   0.00168685    0.0187996      1.33833      3.77058      6.41487 
          90         0.01          0.2      18.9737      95      0.03061   0.00225353    0.0242162      1.26403      2.83722      4.11149 
          90         0.01         0.32      13.8293      96      0.03095    0.0020427    0.0235635      1.31347      3.61603      5.54868 
          90         0.01          0.5      9.48683      97      0.03039   0.00196222    0.0235308       1.2915      3.49562      5.84718 
          90         0.01          0.8      4.74342      98      0.02396   0.00165965    0.0177225      1.35195      3.75832      5.99608 
         200         0.01         0.32      20.6155      99       0.0321   0.00374182    0.0241873      1.32714      2.11466      3.61099 
         200         0.01          0.5      14.1421     100       0.0315   0.00365481    0.0233251      1.35047      2.23674      4.05055 
         200         0.01          0.8      7.07107     101       0.0211   0.00261938    0.0158606      1.33034      2.00025      2.86023 
         400         0.01          0.8           10     102       0.0196   0.00335813    0.0144855      1.35308      1.52303      1.89384 
          12         0.03       0.0067      42.1787     103      0.03331   0.00767562    0.0308619      1.07932     0.318946     0.335177 
          12         0.03        0.011      32.8468     104      0.03641   0.00650038    0.0292229      1.24594      1.10565      1.18219 
          12         0.03        0.017      26.3416     105      0.03224   0.00582296    0.0267783      1.20396     0.937965      1.04149 
          12         0.03        0.027      20.7953     106      0.03637   0.00648305    0.0240612      1.51156      1.89861       2.0992 
          12         0.03        0.043      16.3423     107      0.02906   0.00547185    0.0214939      1.35201      1.38273      1.48466 
          12         0.03        0.067      12.9269     108      0.02413   0.00451985    0.0193446      1.24738      1.05876      1.12911 
          15         0.03       0.0067      47.1572     109      0.04792   0.00997542    0.0323284      1.48229        1.563      1.67695 
          15         0.03        0.011      36.7238     110      0.03531   0.00553455    0.0317152      1.11335     0.649521     0.745485 
          15         0.03        0.017      29.4509     111      0.03527   0.00516293    0.0291911      1.20825      1.17742      1.37143 
          15         0.03        0.027      23.2499     112      0.03085   0.00465263    0.0261478      1.17983      1.01065      1.14676 
          15         0.03        0.043      18.2712     113      0.02592    0.0040625    0.0232217       1.1162     0.664199     0.776228 
          15         0.03        0.067      14.4527     114      0.02366   0.00354971    0.0207581      1.13979     0.817493     0.928463 
          15         0.03         0.11      11.0165     115      0.02278   0.00357486    0.0186688      1.22022      1.15004       1.3144 
          20         0.03        0.011       42.405     116      0.03178   0.00561068    0.0342116     0.928925    -0.433387    -0.488946 
          20         0.03        0.017      34.0069     117      0.03851   0.00609639    0.0320939      1.19992      1.05244      1.18894 
          20         0.03        0.027      26.8466     118      0.03118   0.00456071      0.02877      1.08377     0.528417     0.595876 
          20         0.03        0.043      21.0978     119      0.02917   0.00425242    0.0254101      1.14797     0.884172      1.00003 
          20         0.03        0.067      16.6885     120      0.02773   0.00405503    0.0225428       1.2301      1.27919      1.44677 
          20         0.03         0.11      12.7208     121      0.02288   0.00347535    0.0200688      1.14008     0.808884     0.914844 
          25         0.03        0.011      47.4102     122      0.03729     0.010915    0.0351033      1.06229     0.200342     0.209257 
          25         0.03        0.017      38.0209     123      0.03875   0.00622405    0.0340296      1.13871     0.758411     0.855385 
          25         0.03        0.027      30.0154     124      0.03755    0.0055664     0.030712      1.22265      1.22844      1.38768 
          25         0.03        0.043       23.588     125      0.02978   0.00430895     0.027067      1.10023     0.629623     0.696165 
          25         0.03        0.067      18.6584     126      0.02655   0.00418405    0.0238943      1.11115     0.634731     0.727174 
          25         0.03         0.11      14.2223     127      0.02491    0.0037591    0.0211177      1.17958      1.00883      1.16447 
          25         0.03         0.17       11.048     128      0.02562     0.003895    0.0194464      1.31746        1.585      1.82414 
          35         0.03        0.017      44.9869     129      0.05337    0.0108338    0.0358546      1.48851      1.61673      1.73076 
          35         0.03        0.027      35.5147     130      0.04213   0.00639252    0.0333381      1.26372      1.37535      1.51697 
          35         0.03        0.043      27.9097     131      0.04063   0.00618738    0.0294636      1.37899      1.80471      1.96604 
          35         0.03        0.067      22.0769     132      0.03063   0.00470467    0.0258739      1.18382      1.01092      1.14442 
          35         0.03         0.11       16.828     133      0.02992   0.00459825    0.0226481      1.32108      1.58145      1.81225 
          35         0.03         0.17      13.0722     134      0.02493   0.00390741    0.0206121      1.20948      1.10505      1.25298 
          35         0.03         0.27      9.72778     135       0.0284   0.00442138    0.0197178      1.44032      1.96368      2.26328 
          45         0.03        0.027      40.2699     136      0.05064   0.00916318    0.0348116      1.45469      1.72739      1.84156 
          45         0.03        0.043      31.6467     137      0.04048   0.00628966    0.0311015      1.30154      1.49109      1.61338 
          45         0.03        0.067      25.0328     138      0.03804   0.00646311    0.0272781      1.39452      1.66512      1.84139 
          45         0.03         0.11      19.0812     139      0.02427    0.0039952    0.0237355      1.02252     0.133792     0.151455 
          45         0.03         0.17      14.8225     140      0.02521   0.00413698    0.0214297       1.1764     0.913776      1.05294 
          45         0.03         0.27      11.0303     141      0.02092   0.00342916     0.020262      1.03248     0.191892      0.21716 
          60         0.03        0.043      36.5424     142        0.039   0.00742097    0.0326736      1.19363     0.852508     0.916711 
          60         0.03        0.067      28.9054     143      0.03913   0.00632334    0.0287673      1.36022       1.6388      1.79232 
          60         0.03         0.11       22.033     144      0.02613   0.00422006    0.0249115      1.04891     0.288743     0.318641 
          60         0.03         0.17      17.1155     145      0.02548    0.0043259    0.0223081      1.14219     0.733239     0.868078 
          60         0.03         0.27      12.7366     146      0.02165   0.00443614    0.0208316      1.03929     0.184488     0.207326 
          60         0.03         0.43      8.91823     147      0.02698   0.00474403    0.0206213      1.30835      1.34035      1.59855 
          90         0.03        0.067      35.4017     148      0.03286    0.0130657    0.0304934      1.07761      0.18113     0.184893 
          90         0.03         0.11      26.9848     149      0.03379   0.00657396    0.0264113      1.27938      1.12241      1.18094 
          90         0.03         0.17      20.9622     150      0.03622   0.00621656    0.0234362      1.54547      2.05641       2.2665 
          90         0.03         0.27      15.5991     151      0.02668    0.0044977    0.0215438      1.23841      1.14196      1.24755 
          90         0.03         0.43      10.9226     152      0.03214    0.0056432     0.020823      1.54349      2.00543      2.18105 
          90         0.03         0.67      6.65795     153      0.02818   0.00735714    0.0186245      1.51306      1.29881      1.38141 
         200         0.03         0.11      40.2266     154       0.0361   0.00587732    0.0282645      1.27722      1.33318      1.73947 
         200         0.03         0.17      31.2485     155       0.0331   0.00525217    0.0251728      1.31491      1.50932      1.98037 
         200         0.03         0.27      23.2538     156       0.0283   0.00434421    0.0226498      1.24946      1.30062      1.62314 
         200         0.03         0.43      16.2824     157       0.0309   0.00474765    0.0210317      1.46921      2.07856      2.57801 
         200         0.03         0.67      9.92509     158       0.0297   0.00505179    0.0175564      1.69169      2.40383      3.09038 
         400         0.03         0.27      32.8859     159       0.0322   0.00552584    0.0232143      1.38708      1.62613      2.07441 
         400         0.03         0.43      23.0268     160       0.0293   0.00466459    0.0210612      1.39118      1.76624      2.15143 
         400         0.03         0.67      14.0362     161       0.0289   0.00502204    0.0167088      1.72963      2.42755      3.08309 
         800         0.03         0.43      32.5648     162       0.0391   0.00797918    0.0209382       1.8674      2.27614      2.70522 
         800         0.03         0.67      19.8502     163       0.0228   0.00502273    0.0159724      1.42746      1.35933      1.63276 
        1600         0.03         0.67      28.0724     164       0.0214   0.00702497    0.0154085      1.38884     0.852884     0.932415 
