          Q2           xp         beta           mx   iData         Data       ErrTot       Theory        Ratio         Pull      PullUnc 
        15.3         0.05       0.0056      52.1233       0     0.054145   0.00811453    0.0390164      1.38775      1.86438      3.96215 
        15.3        0.075       0.0056      52.1233       1     0.065416    0.0134549    0.0460145      1.42164      1.44197      2.96586 
        15.3        0.016       0.0178       29.056       2     0.038896   0.00488992    0.0277427      1.40203      2.28087      5.91135 
        15.3        0.025       0.0178       29.056       3     0.036244   0.00430694    0.0286099      1.26683       1.7725      4.72759 
        15.3        0.035       0.0178       29.056       4     0.036465     0.004779    0.0297015      1.22772      1.41526      3.19508 
        15.3         0.05       0.0178       29.056       5     0.038896   0.00488311    0.0322178      1.20728      1.36761      3.36913 
        15.3        0.075       0.0178       29.056       6     0.046631   0.00708055    0.0380694      1.22489      1.20917      2.61491 
        15.3         0.09       0.0178       29.056       7     0.051714     0.010362    0.0422423      1.22422      0.91408      1.80856 
        15.3       0.0085       0.0562      16.0294       8     0.029614   0.00462396    0.0223554      1.32469      1.56977      5.44679 
        15.3        0.016       0.0562      16.0294       9     0.026962   0.00309171    0.0213436      1.26324      1.81725      5.32741 
        15.3        0.025       0.0562      16.0294      10     0.024973   0.00287819    0.0214289      1.16539      1.23138      3.14677 
        15.3        0.035       0.0562      16.0294      11     0.026741   0.00376925    0.0223789      1.19492      1.15729      2.63104 
        15.3         0.05       0.0562      16.0294      12      0.03094   0.00415461     0.024748       1.2502       1.4904      3.44745 
        15.3        0.075       0.0562      16.0294      13     0.038454   0.00614687    0.0301669      1.27471      1.34819       2.7887 
        15.3         0.09       0.0562      16.0294      14     0.035802   0.00746547    0.0339845      1.05348     0.243453     0.477643 
        15.3       0.0025        0.178      8.40566      15     0.030056   0.00319415    0.0224381      1.33951      2.38496      7.37531 
        15.3       0.0085        0.178      8.40566      16     0.024531   0.00260699    0.0186619      1.31449      2.25128      6.96191 
        15.3        0.016        0.178      8.40566      17     0.021658   0.00249406    0.0174608      1.24038      1.68286      4.91126 
        15.3        0.025        0.178      8.40566      18     0.021437   0.00308417    0.0173299      1.23699      1.33166      3.10715 
        15.3        0.035        0.178      8.40566      19     0.025857     0.010347       0.0179      1.44452     0.769014      1.35734 
        15.3         0.05        0.178      8.40566      20     0.029614    0.0102513    0.0195046      1.51831     0.986152      1.77711 
        15.3       0.0009        0.562      3.45314      21      0.03978   0.00757963    0.0363497      1.09437     0.452575     0.914068 
        15.3       0.0025        0.562      3.45314      22     0.038233   0.00458334    0.0301865      1.26656       1.7556      8.39157 
        15.3       0.0085        0.562      3.45314      23     0.035802   0.00407577    0.0243173      1.47229       2.8178      9.61104 
        15.3        0.016        0.562      3.45314      24     0.033371    0.0128481    0.0220731      1.51184     0.879347       1.5373 
        15.3        0.035        0.562      3.45314      25     0.020774     0.010735    0.0205458      1.01111    0.0212547    0.0378737 
        26.5        0.075       0.0056      68.5977      26     0.079339    0.0247778    0.0522029      1.51982      1.09518      2.01192 
        26.5        0.025       0.0178      38.2396      27     0.039559   0.00658084    0.0331299      1.19406     0.976943      2.00108 
        26.5        0.035       0.0178      38.2396      28     0.044642    0.0077914    0.0350639      1.27316      1.22931       2.4948 
        26.5         0.05       0.0178      38.2396      29      0.05525   0.00814596    0.0378798      1.45856      2.13237      4.60651 
        26.5        0.075       0.0178      38.2396      30     0.055029    0.0113724     0.043916      1.25305     0.977193       1.9681 
        26.5       0.0085       0.0562      21.0957      31     0.034697   0.00653788     0.025675      1.35139      1.37995      3.87617 
        26.5        0.016       0.0562      21.0957      32      0.03315   0.00408189     0.025177      1.31668      1.95325      4.85908 
        26.5        0.025       0.0562      21.0957      33     0.029614   0.00370329    0.0251496      1.17751      1.20552      2.71903 
        26.5        0.035       0.0562      21.0957      34     0.034697   0.00536178    0.0259793      1.33556       1.6259      3.39531 
        26.5         0.05       0.0562      21.0957      35     0.040664   0.00581978    0.0282442      1.43973      2.13406      4.76993 
        26.5        0.075       0.0562      21.0957      36     0.046631   0.00723472    0.0336159      1.38717      1.79898      3.66487 
        26.5         0.09       0.0562      21.0957      37     0.052377    0.0105271    0.0374482      1.39865      1.41813      2.81666 
        26.5       0.0025        0.178      11.0624      38     0.030498   0.00399163    0.0245578      1.24189      1.48817      3.59707 
        26.5       0.0085        0.178      11.0624      39     0.027846   0.00353567    0.0211087      1.31917      1.90551      4.77817 
        26.5        0.016        0.178      11.0624      40     0.024973   0.00336228    0.0196712      1.26952      1.57683      3.85999 
        26.5        0.025        0.178      11.0624      41     0.020553   0.00294525    0.0193763      1.06073     0.399517     0.870542 
        26.5        0.035        0.178      11.0624      42       0.0221   0.00447234    0.0198309      1.11442     0.507358      1.04769 
        26.5         0.05        0.178      11.0624      43     0.023205    0.0120568    0.0213221      1.08831     0.156167     0.274778 
        26.5        0.075        0.178      11.0624      44     0.037349    0.0284064    0.0250115      1.49327      0.43432     0.760837 
        26.5       0.0009        0.562      4.54456      45     0.053261    0.0229803    0.0361977      1.47139     0.742518       1.3257 
        26.5       0.0025        0.562      4.54456      46     0.041769   0.00753627    0.0302163      1.38233      1.53294      7.46437 
        26.5       0.0085        0.562      4.54456      47      0.03094   0.00390641     0.024342      1.27105      1.68901      4.93799 
        26.5        0.025        0.562      4.54456      48     0.030056    0.0181922    0.0209513      1.43457     0.500474     0.879619 
          46         0.05       0.0178      50.3812      49     0.069173    0.0131403    0.0425522       1.6256      2.02588      3.96493 
          46        0.075       0.0178      50.3812      50     0.048178    0.0166424    0.0494538     0.974203   -0.0766584    -0.139371 
          46        0.016       0.0562       27.794      51     0.036023   0.00654281    0.0281894      1.27789      1.19729      2.47116 
          46        0.025       0.0562       27.794      52     0.038012   0.00665438    0.0285372      1.33202      1.42385      2.89836 
          46        0.035       0.0562       27.794      53     0.034918   0.00590858    0.0293815      1.18844     0.937029      1.86693 
          46         0.05       0.0562       27.794      54     0.043979   0.00721376    0.0316125      1.39119      1.71429      3.58941 
          46        0.075       0.0562       27.794      55     0.046852    0.0081196    0.0369872      1.26671      1.21494       2.4814 
          46         0.09       0.0562       27.794      56     0.059007    0.0103727    0.0408549      1.44431         1.75      3.33727 
          46       0.0085        0.178      14.5749      57     0.026741   0.00407298    0.0232002      1.15262      0.86934      1.96841 
          46        0.016        0.178      14.5749      58     0.029393   0.00405964    0.0216403      1.35825      1.90971      4.33269 
          46        0.025        0.178      14.5749      59     0.029835   0.00514288    0.0212152       1.4063      1.67606      3.39901 
          46        0.035        0.178      14.5749      60     0.028509    0.0045173    0.0215731      1.32151      1.53541      3.14451 
          46         0.05        0.178      14.5749      61     0.032708   0.00538064    0.0229691        1.424      1.80999      3.74627 
          46        0.075        0.178      14.5749      62     0.044421   0.00927176    0.0265622      1.67234      1.92615      3.76523 
          46         0.09        0.178      14.5749      63     0.039117    0.0108588    0.0291855      1.34029     0.914609      1.85844 
          46       0.0025        0.562      5.98753      64     0.043316   0.00618707    0.0300002      1.44386       2.1522      5.91504 
          46       0.0085        0.562      5.98753      65     0.029835   0.00417978     0.024196      1.23306      1.34912      3.63676 
          46        0.016        0.562      5.98753      66     0.027404    0.0041772    0.0219316      1.24952      1.31005      2.80037 
          46        0.025        0.562      5.98753      67     0.023426   0.00586235     0.020792      1.12668     0.449309     0.864919 
          46        0.035        0.562      5.98753      68     0.029835   0.00835849    0.0203056       1.4693      1.14009       2.0406 
          46         0.05        0.562      5.98753      69      0.02652    0.0120667    0.0203058      1.30603     0.514988     0.892697 
          80        0.035       0.0562      36.6536      70     0.050167    0.0173923    0.0322499      1.55557      1.03017      1.87973 
          80         0.05       0.0562      36.6536      71     0.051935    0.0143739    0.0346679      1.49807      1.20128       2.2165 
          80        0.075       0.0562      36.6536      72     0.047736    0.0206119    0.0401464      1.18905     0.368213     0.662461 
          80       0.0085        0.178      19.2208      73     0.045526    0.0127262    0.0246387      1.84774      1.64128      3.05866 
          80        0.016        0.178      19.2208      74     0.029393   0.00713548    0.0233083      1.26105     0.852744      1.59241 
          80        0.025        0.178      19.2208      75     0.032266   0.00729811    0.0228195      1.41396      1.29437      2.43974 
          80        0.035        0.178      19.2208      76     0.035802   0.00932475    0.0231041       1.5496      1.36175      2.53337 
          80         0.05        0.178      19.2208      77     0.032266   0.00896821    0.0244186      1.32137      0.87502      1.62139 
          80        0.075        0.178      19.2208      78     0.040443    0.0188444    0.0279224      1.44841     0.664421      1.19072 
          80       0.0085        0.562      7.89612      79     0.025636   0.00561639    0.0239169      1.07188      0.30609     0.670589 
          80        0.016        0.562      7.89612      80      0.01989   0.00540426    0.0216721     0.917769    -0.329762    -0.639991 
          80        0.025        0.562      7.89612      81     0.022984   0.00743695    0.0205301      1.11953      0.32996     0.628032 
          80        0.035        0.562      7.89612      82     0.024089    0.0108888    0.0200289      1.20271     0.372868     0.674181 
         200         0.05       0.0562      57.9545      83     0.035802    0.0174588    0.0373444     0.958698   -0.0883462    -0.153864 
         200        0.075       0.0562      57.9545      84     0.063648    0.0409655    0.0442397      1.43871     0.473772      0.82414 
         200        0.016        0.178      30.3907      85     0.032045    0.0116307    0.0246634      1.29929     0.634662      1.15175 
         200        0.025        0.178      30.3907      86     0.043979    0.0129167    0.0247482      1.77706      1.48883      2.73295 
         200        0.035        0.178      30.3907      87     0.037349    0.0148262    0.0251007      1.48797     0.826129      1.49065 
         200         0.05        0.178      30.3907      88     0.051935    0.0188618    0.0263714      1.96937      1.35531      2.46112 
         200        0.075        0.178      30.3907      89     0.046189    0.0284113    0.0297746      1.55129     0.577742      1.01536 
         200       0.0085        0.562      12.4849      90     0.024089   0.00869132    0.0232241      1.03724    0.0995162     0.188976 
         200        0.016        0.562      12.4849      91     0.020553   0.00853771    0.0210747     0.975246    -0.061104    -0.110359 
         200        0.025        0.562      12.4849      92     0.016354   0.00804992    0.0199524     0.819651     -0.44701    -0.814932 
         200        0.035        0.562      12.4849      93     0.034918    0.0205146     0.019443      1.79591      0.75434      1.34297 
         200         0.05        0.562      12.4849      94     0.033371    0.0168694    0.0193701      1.72281     0.829963      1.44674 
         200        0.075        0.562      12.4849      95     0.050388    0.0437681     0.020159      2.49953     0.690662      1.19985 
