          Q2           xp         beta           mx   iData         Data       ErrTot       Theory        Ratio         Pull      PullUnc 
          12       0.0003         0.67      2.43114       0      0.06314   0.00422849    0.0477114      1.32337      3.64872      12.7206 
          12        0.001          0.2       6.9282       1      0.03227   0.00177925    0.0241065      1.33864       4.5882      14.0326 
          12        0.001         0.32      5.04975       2       0.0365   0.00200318    0.0281387      1.29714        4.174       11.798 
          12        0.001          0.5       3.4641       3      0.04438   0.00249596    0.0342574      1.29549      4.05562      10.0024 
          15        0.001          0.2      7.74597       4      0.04107   0.00543786    0.0245192      1.67502      3.04363      3.41849 
          15        0.001         0.32      5.64579       5       0.0384    0.0020853    0.0290758      1.32069      4.47139       13.638 
          15        0.001          0.5      3.87298       6      0.04522   0.00252666    0.0347387      1.30172      4.14828      10.9022 
          20        0.001         0.32       6.5192       7      0.03892   0.00213316    0.0298931      1.30197      4.23172      12.0741 
          20        0.001          0.5      4.47214       8      0.04528   0.00251538    0.0352111      1.28596      4.00294      10.7866 
          20        0.001          0.8      2.23607       9       0.0451   0.00283987    0.0345319      1.30604      3.72134      8.72072 
          25        0.001         0.32      7.28869      10      0.05186    0.0128154    0.0300613      1.72514      1.70098      1.75568 
          25        0.001          0.5            5      11      0.04764   0.00268353    0.0354265      1.34476      4.55128      12.4358 
          25        0.001          0.8          2.5      12      0.04499   0.00278502    0.0333794      1.34784      4.16896      9.60443 
          35        0.001          0.5      5.91608      13      0.04718    0.0028087    0.0354359      1.33142      4.18133      9.51079 
          35        0.001          0.8      2.95804      14      0.04344   0.00278897    0.0317219       1.3694      4.20159      8.86945 
          45        0.001          0.8       3.3541      15      0.04048   0.00285463    0.0305403      1.32546      3.48196      6.67797 
          12        0.003        0.067      12.9269      16      0.02712   0.00155509    0.0216121      1.25485      3.54184      8.82178 
          12        0.003         0.11      9.85347      17      0.02698   0.00150678    0.0211255      1.27713      3.88544      9.77291 
          12        0.003         0.17       7.6543      18      0.02655   0.00147227    0.0208283      1.27471      3.88633      9.70598 
          12        0.003         0.27        5.696      19      0.02751    0.0015435      0.02217      1.24087      3.45966      8.51233 
          12        0.003         0.43      3.98836      20      0.03388   0.00191624    0.0261428      1.29596      4.03769      9.74661 
          12        0.003         0.67      2.43114      21      0.04193   0.00242361    0.0312647      1.34113      4.40057      9.69032 
          15        0.003        0.067      14.4527      22      0.03764    0.0058291    0.0222087      1.69483      2.64729      2.89136 
          15        0.003         0.11      11.0165      23       0.0278    0.0015568    0.0224797      1.23667      3.41748      9.19707 
          15        0.003         0.17      8.55776      24      0.02732   0.00151053    0.0221366      1.23415      3.43151      9.20318 
          15        0.003         0.27      6.36832      25      0.02903    0.0015762    0.0232515      1.24852      3.66608      9.65542 
          15        0.003         0.43      4.45912      26      0.03449    0.0018957    0.0268066      1.28662      4.05307      10.1155 
          15        0.003         0.67       2.7181      27      0.04031   0.00229023    0.0309035      1.30438      4.10722      9.39447 
          20        0.003         0.11      12.7208      28      0.02754   0.00157364    0.0237266      1.16072      2.42327      6.07215 
          20        0.003         0.17      9.88165      29      0.02996   0.00165378    0.0236362      1.26755      3.82384      10.5537 
          20        0.003         0.27      7.35351      30      0.03194   0.00170842    0.0245346      1.30183      4.33465      12.0698 
          20        0.003         0.43      5.14894      31      0.03618   0.00196608    0.0275675      1.31242      4.38056      11.5469 
          20        0.003         0.67      3.13859      32      0.03927   0.00223667    0.0303974      1.29189      3.96687      9.38155 
          25        0.003         0.11      14.2223      33      0.03645   0.00775255    0.0240381      1.51634      1.60101      1.68728 
          25        0.003         0.17       11.048      34      0.03156   0.00171676    0.0245727      1.28435      4.07006      10.7394 
          25        0.003         0.27      8.22147      35      0.03205   0.00172981    0.0254167      1.26098      3.83469      10.7743 
          25        0.003         0.43      5.75669      36      0.03706   0.00200364    0.0280721      1.32017      4.48577      12.1261 
          25        0.003         0.67      3.50905      37      0.03909   0.00225268    0.0299968      1.30314      4.03662      9.65913 
          35        0.003         0.17      13.0722      38      0.03132   0.00179729    0.0253405      1.23597      3.32698      7.92743 
          35        0.003         0.27      9.72778      39       0.0333   0.00178178    0.0265162      1.25584      3.80733      10.1859 
          35        0.003         0.43      6.81141      40      0.03691   0.00201692    0.0287075      1.28573      4.06683      10.3841 
          35        0.003         0.67      4.15196      41      0.03975   0.00237371    0.0293798      1.35297      4.36878      10.5029 
          45        0.003         0.27      11.0303      42      0.03306   0.00184337    0.0270734      1.22112      3.24763      7.48046 
          45        0.003         0.43      7.72342      43      0.03872   0.00213522    0.0290741      1.33177       4.5175      10.9882 
          45        0.003         0.67      4.70788      44      0.03844    0.0023571    0.0289099      1.32965      4.04313      8.75437 
          60        0.003         0.43      8.91823      45      0.03776   0.00214967    0.0293547      1.28633      3.91002      8.27274 
          60        0.003         0.67       5.4362      46      0.03728   0.00233559    0.0283631      1.31438      3.81783      7.67982 
          90        0.003         0.67      6.65795      47      0.03532   0.00279854    0.0275697      1.28112      2.76942      4.13949 
          12         0.01         0.02      24.2487      48      0.03014   0.00194421    0.0250697      1.20225      2.60793      4.39517 
          12         0.01        0.032      19.0526      49      0.02966   0.00188288    0.0233923      1.26794      3.32877      5.68027 
          12         0.01         0.05      15.0997      50      0.02732    0.0017153    0.0210672       1.2968      3.64529      6.28757 
          12         0.01         0.08      11.7473      51      0.02545   0.00159322    0.0188645       1.3491      4.13349       7.1088 
          12         0.01         0.13      8.96146      52      0.02165   0.00136807    0.0176141      1.22913      2.95005      5.01085 
          12         0.01          0.2       6.9282      53      0.02283   0.00150609    0.0174532      1.30807      3.57003      5.60588 
          12         0.01         0.32      5.04975      54       0.0242   0.00173786    0.0190505      1.27031      2.96311      4.18844 
          15         0.01         0.02      27.1109      55      0.03639   0.00584544    0.0260898       1.3948      1.76209      1.95822 
          15         0.01        0.032      21.3014      56      0.03226   0.00198524    0.0252853      1.27584      3.51328      6.71385 
          15         0.01         0.05      16.8819      57      0.03067   0.00186281    0.0229011      1.33924      4.17055      8.06694 
          15         0.01         0.08      13.1339      58      0.02573   0.00156213    0.0204191      1.26009      3.39976      6.52718 
          15         0.01         0.13      10.0192      59      0.02381   0.00142064    0.0188912      1.26038      3.46239      6.88621 
          15         0.01          0.2      7.74597      60      0.02299   0.00138284    0.0184969      1.24291      3.24915      6.38462 
          15         0.01         0.32      5.64579      61      0.02456   0.00148563    0.0198301      1.23852      3.18377      5.87107 
          20         0.01        0.032      24.5967      62      0.03445   0.00225325    0.0270593      1.27313      3.28003      5.40406 
          20         0.01         0.05      19.4936      63      0.03209   0.00200479    0.0250613      1.28046      3.50597      6.51869 
          20         0.01         0.08      15.1658      64      0.02971   0.00185348    0.0223425      1.32976      3.97497      7.08519 
          20         0.01         0.13      11.5692      65      0.02658   0.00159878    0.0204793      1.29789      3.81582      7.25809 
          20         0.01          0.2      8.94427      66      0.02542   0.00156328    0.0197777      1.28529      3.60927       6.5596 
          20         0.01         0.32       6.5192      67      0.02663   0.00158129    0.0207624      1.28261      3.71066      7.28818 
          20         0.01          0.5      4.47214      68       0.0287   0.00179576    0.0233811      1.22749      2.96194      5.09136 
          25         0.01        0.032         27.5      69      0.03306   0.00700256    0.0275183      1.20138     0.791382     0.846798 
          25         0.01         0.05      21.7945      70      0.03307   0.00205513    0.0264538       1.2501      3.21936      6.21278 
          25         0.01         0.08      16.9558      71      0.03202   0.00196734    0.0237393      1.34882      4.20909        8.178 
          25         0.01         0.13      12.9347      72      0.02889   0.00176584    0.0216552      1.33409      4.09709      7.77659 
          25         0.01          0.2           10      73      0.02686   0.00160891    0.0207131      1.29676      3.82054      7.71015 
          25         0.01         0.32      7.28869      74      0.02769   0.00168773    0.0214201      1.29271      3.71501      7.16044 
          25         0.01          0.5            5      75      0.03028   0.00186216    0.0236124      1.28238      3.58057      6.50744 
          25         0.01          0.8          2.5      76      0.02928   0.00259966    0.0218704       1.3388      2.85022      3.63974 
          35         0.01         0.05      25.7876      77      0.03551   0.00235279    0.0276209      1.28562      3.35307      5.55412 
          35         0.01         0.08      20.0624      78      0.03243   0.00208765    0.0255666      1.26845      3.28761      5.52931 
          35         0.01         0.13      15.3046      79      0.03161   0.00190816    0.0233091      1.35613      4.35025      8.36729 
          35         0.01          0.2      11.8322      80      0.02963   0.00178298    0.0220331      1.34479      4.26078      7.82715 
          35         0.01         0.32      8.62409      81      0.02729   0.00173908    0.0223212      1.22261      2.85716      5.61096 
          35         0.01          0.5      5.91608      82      0.03171   0.00195602    0.0238883      1.32743      3.99878       6.9462 
          35         0.01          0.8      2.95804      83       0.0284   0.00194224     0.020797      1.36558      3.91455      6.22414 
          45         0.01         0.08      22.7486      84      0.03368    0.0022267    0.0265341      1.26931       3.2092      5.09815 
          45         0.01         0.13      17.3538      85      0.03212   0.00196694     0.024408      1.31596      3.92083      7.09562 
          45         0.01          0.2      13.4164      86      0.02994   0.00183808    0.0229372      1.30531      3.80986      6.85266 
          45         0.01         0.32       9.7788      87       0.0291   0.00183168    0.0229223      1.26951      3.37271      6.37773 
          45         0.01          0.5       6.7082      88      0.03255   0.00203144    0.0240406      1.35396      4.18885      7.08629 
          45         0.01          0.8       3.3541      89      0.02606   0.00181019    0.0200411      1.30032      3.32499      5.13882 
          60         0.01         0.13      20.0384      90      0.03316   0.00216228    0.0254346      1.30374      3.57281      5.70952 
          60         0.01          0.2      15.4919      91      0.03013    0.0018683    0.0238659      1.26247      3.35282      6.24581 
          60         0.01         0.32      11.2916      92      0.03138   0.00191238    0.0235368      1.33323       4.1013      7.50884 
          60         0.01          0.5      7.74597      93      0.03225   0.00210714    0.0241625      1.33471      3.83816      6.95527 
          60         0.01          0.8      3.87298      94      0.02516   0.00168685    0.0192229      1.30885      3.51962       5.9879 
          90         0.01          0.2      18.9737      95      0.03061   0.00225353    0.0248973      1.22945      2.53502      3.67355 
          90         0.01         0.32      13.8293      96      0.03095    0.0020427    0.0242657      1.27546      3.27227       5.0212 
          90         0.01          0.5      9.48683      97      0.03039   0.00196222    0.0242485      1.25327      3.12989      5.23542 
          90         0.01          0.8      4.74342      98      0.02396   0.00165965      0.01815      1.32011      3.50072      5.58511 
         200         0.01         0.32      20.6155      99       0.0321   0.00374182    0.0249999      1.28401      1.89751      3.24018 
         200         0.01          0.5      14.1421     100       0.0315   0.00365481    0.0241541      1.30412      2.00991      3.63978 
         200         0.01          0.8      7.07107     101       0.0211   0.00261938    0.0162815      1.29595      1.83955      2.63044 
         400         0.01          0.8           10     102       0.0196   0.00335813    0.0148904      1.31628      1.40245       1.7439 
          12         0.03       0.0067      42.1787     103      0.03331   0.00767562    0.0315844      1.05464     0.224821     0.236262 
          12         0.03        0.011      32.8468     104      0.03641   0.00650038    0.0298369       1.2203      1.01119       1.0812 
          12         0.03        0.017      26.3416     105      0.03224   0.00582296    0.0272856      1.18157     0.850833     0.944745 
          12         0.03        0.027      20.7953     106      0.03637   0.00648305    0.0244683      1.48641      1.83581      2.02976 
          12         0.03        0.043      16.3423     107      0.02906   0.00547185     0.021818      1.33193      1.32351      1.42107 
          12         0.03        0.067      12.9269     108      0.02413   0.00451985    0.0196044      1.23084      1.00126      1.06779 
          15         0.03       0.0067      47.1572     109      0.04792   0.00997542    0.0331066      1.44744      1.48499      1.59325 
          15         0.03        0.011      36.7238     110      0.03531   0.00553455    0.0324071      1.08958     0.524503     0.601996 
          15         0.03        0.017      29.4509     111      0.03527   0.00516293    0.0297698      1.18476      1.06532      1.24087 
          15         0.03        0.027      23.2499     112      0.03085   0.00465263    0.0266145      1.15914     0.910354      1.03296 
          15         0.03        0.043      18.2712     113      0.02592    0.0040625     0.023594      1.09858     0.572549      0.66912 
          15         0.03        0.067      14.4527     114      0.02366   0.00354971    0.0210579      1.12357      0.73304     0.832546 
          15         0.03         0.11      11.0165     115      0.02278   0.00357486    0.0189782      1.20032      1.06347      1.21546 
          20         0.03        0.011       42.405     116      0.03178   0.00561068    0.0349877      0.90832     -0.57171    -0.645002 
          20         0.03        0.017      34.0069     117      0.03851   0.00609639     0.032761      1.17548     0.943021      1.06533 
          20         0.03        0.027      26.8466     118      0.03118   0.00456071    0.0293131      1.06369     0.409338     0.461595 
          20         0.03        0.043      21.0978     119      0.02917   0.00425242    0.0258454      1.12863     0.781814     0.884258 
          20         0.03        0.067      16.6885     120      0.02773   0.00405503    0.0228953      1.21117      1.19228      1.34847 
          20         0.03         0.11      12.7208     121      0.02288   0.00347535    0.0204328      1.11977     0.704149     0.796389 
          25         0.03        0.011      47.4102     122      0.03729     0.010915    0.0359194      1.03816     0.125571     0.131159 
          25         0.03        0.017      38.0209     123      0.03875   0.00622405    0.0347587      1.11483     0.641275     0.723271 
          25         0.03        0.027      30.0154     124      0.03755    0.0055664    0.0313134      1.19917      1.12041      1.26564 
          25         0.03        0.043       23.588     125      0.02978   0.00430895    0.0275516      1.08088     0.517163      0.57182 
          25         0.03        0.067      18.6584     126      0.02655   0.00418405    0.0242886      1.09311     0.540481     0.619198 
          25         0.03         0.11      14.2223     127      0.02491    0.0037591    0.0215255      1.15723     0.900348      1.03926 
          25         0.03         0.17       11.048     128      0.02562     0.003895    0.0198016      1.29383      1.49381       1.7192 
          35         0.03        0.017      44.9869     129      0.05337    0.0108338    0.0366524      1.45611      1.54309      1.65193 
          35         0.03        0.027      35.5147     130      0.04213   0.00639252    0.0340224       1.2383      1.26829      1.39889 
          35         0.03        0.043      27.9097     131      0.04063   0.00618738    0.0300227      1.35331      1.71435      1.86761 
          35         0.03        0.067      22.0769     132      0.03063   0.00470467    0.0263329      1.16319     0.913377      1.03399 
          35         0.03         0.11       16.828     133      0.02992   0.00459825    0.0231235      1.29392      1.47806      1.69378 
          35         0.03         0.17      13.0722     134      0.02493   0.00390741    0.0210319      1.18535     0.997629      1.13117 
          35         0.03         0.27      9.72778     135       0.0284   0.00442138    0.0201088      1.41232      1.87525      2.16136 
          45         0.03        0.027      40.2699     136      0.05064   0.00916318    0.0355475      1.42457      1.64708      1.75594 
          45         0.03        0.043      31.6467     137      0.04048   0.00628966    0.0317143       1.2764      1.39367      1.50797 
          45         0.03        0.067      25.0328     138      0.03804   0.00646311    0.0277854      1.36907      1.58664       1.7546 
          45         0.03         0.11      19.0812     139      0.02427    0.0039952    0.0242617      1.00034   0.00206817   0.00234121 
          45         0.03         0.17      14.8225     140      0.02521   0.00413698     0.021898      1.15125     0.800584     0.922513 
          45         0.03         0.27      11.0303     141      0.02092   0.00342916    0.0207021      1.01052    0.0635355    0.0719017 
          60         0.03        0.043      36.5424     142        0.039   0.00742097    0.0333413      1.16972     0.762531     0.819958 
          60         0.03        0.067      28.9054     143      0.03913   0.00632334    0.0293284       1.3342      1.55007      1.69528 
          60         0.03         0.11       22.033     144      0.02613   0.00422006    0.0254955      1.02489     0.150352      0.16592 
          60         0.03         0.17      17.1155     145      0.02548    0.0043259    0.0228314        1.116     0.612255     0.724845 
          60         0.03         0.27      12.7366     146      0.02165   0.00443614    0.0213269      1.01515    0.0728345    0.0818505 
          60         0.03         0.43      8.91823     147      0.02698   0.00474403    0.0211204      1.27744      1.23516      1.47309 
          90         0.03        0.067      35.4017     148      0.03286    0.0130657    0.0311212      1.05587     0.133084     0.135849 
          90         0.03         0.11      26.9848     149      0.03379   0.00657396    0.0270732       1.2481      1.02172        1.075 
          90         0.03         0.17      20.9622     150      0.03622   0.00621656    0.0240348      1.50698      1.96012      2.16037 
          90         0.03         0.27      15.5991     151      0.02668    0.0044977    0.0221135       1.2065      1.01529      1.10917 
          90         0.03         0.43      10.9226     152      0.03214    0.0056432    0.0213906      1.50253      1.90484      2.07165 
          90         0.03         0.67      6.65795     153      0.02818   0.00735714    0.0190958      1.47572      1.23474      1.31327 
         200         0.03         0.11      40.2266     154       0.0361   0.00587732    0.0290321      1.24345      1.20256      1.56905 
         200         0.03         0.17      31.2485     155       0.0331   0.00525217    0.0258982      1.27808      1.37121      1.79915 
         200         0.03         0.27      23.2538     156       0.0283   0.00434421    0.0233489      1.21205       1.1397      1.42231 
         200         0.03         0.43      16.2824     157       0.0309   0.00474765    0.0217117      1.42319      1.93533      2.40037 
         200         0.03         0.67      9.92509     158       0.0297   0.00505179    0.0180657        1.644        2.303      2.96076 
         400         0.03         0.27      32.8859     159       0.0322   0.00552584    0.0239914      1.34215      1.48549        1.895 
         400         0.03         0.43      23.0268     160       0.0293   0.00466459    0.0218139      1.34318      1.60487      1.95487 
         400         0.03         0.67      14.0362     161       0.0289   0.00502204    0.0172325      1.67706      2.32325      2.95062 
         800         0.03         0.43      32.5648     162       0.0391   0.00797918    0.0217319       1.7992      2.17667        2.587 
         800         0.03         0.67      19.8502     163       0.0228   0.00502273    0.0165002       1.3818      1.25425      1.50654 
        1600         0.03         0.67      28.0724     164       0.0214   0.00702497     0.015933      1.34313     0.778229     0.850798 
