          Q2           xp         beta           mx   iData         Data       ErrTot       Theory        Ratio         Pull      PullUnc 
        15.3         0.05       0.0056      52.1233       0     0.054145   0.00811453    0.0399503      1.35531      1.74929      3.71756 
        15.3        0.075       0.0056      52.1233       1     0.065416    0.0134549    0.0470908      1.38915      1.36197      2.80133 
        15.3        0.016       0.0178       29.056       2     0.038896   0.00488992    0.0283194      1.37348      2.16295      5.60573 
        15.3        0.025       0.0178       29.056       3     0.036244   0.00430694    0.0291801      1.24208      1.64013      4.37451 
        15.3        0.035       0.0178       29.056       4     0.036465     0.004779    0.0302825      1.20416      1.29367      2.92059 
        15.3         0.05       0.0178       29.056       5     0.038896   0.00488311    0.0328476      1.18414      1.23864      3.05142 
        15.3        0.075       0.0178       29.056       6     0.046631   0.00708055    0.0388326      1.20082      1.10139      2.38182 
        15.3         0.09       0.0178       29.056       7     0.051714     0.010362    0.0431052      1.19972     0.830801      1.64379 
        15.3       0.0085       0.0562      16.0294       8     0.029614   0.00462396    0.0227243      1.30318      1.48999      5.16997 
        15.3        0.016       0.0562      16.0294       9     0.026962   0.00309171    0.0216716      1.24412      1.71116      5.01639 
        15.3        0.025       0.0562      16.0294      10     0.024973   0.00287819    0.0217518      1.14809      1.11919      2.86006 
        15.3        0.035       0.0562      16.0294      11     0.026741   0.00376925    0.0227217      1.17689      1.06634      2.42427 
        15.3         0.05       0.0562      16.0294      12      0.03094   0.00415461    0.0251472      1.23035       1.3943      3.22516 
        15.3        0.075       0.0562      16.0294      13     0.038454   0.00614687    0.0307003      1.25256       1.2614      2.60919 
        15.3         0.09       0.0562      16.0294      14     0.035802   0.00746547    0.0346137      1.03433      0.15917     0.312283 
        15.3       0.0025        0.178      8.40566      15     0.030056   0.00319415    0.0228625      1.31464      2.25207      6.96437 
        15.3       0.0085        0.178      8.40566      16     0.024531   0.00260699    0.0189683      1.29326      2.13376       6.5985 
        15.3        0.016        0.178      8.40566      17     0.021658   0.00249406    0.0177263       1.2218      1.57642      4.60062 
        15.3        0.025        0.178      8.40566      18     0.021437   0.00308417    0.0175868      1.21893      1.24838      2.91284 
        15.3        0.035        0.178      8.40566      19     0.025857     0.010347    0.0181683       1.4232      0.74309      1.31158 
        15.3         0.05        0.178      8.40566      20     0.029614    0.0102513    0.0198111      1.49482     0.956262      1.72324 
        15.3       0.0009        0.562      3.45314      21      0.03978   0.00757963    0.0370225      1.07448      0.36381      0.73479 
        15.3       0.0025        0.562      3.45314      22     0.038233   0.00458334    0.0306674       1.2467      1.65067      7.89005 
        15.3       0.0085        0.562      3.45314      23     0.035802   0.00407577    0.0246249       1.4539      2.74234      9.35365 
        15.3        0.016        0.562      3.45314      24     0.033371    0.0128481    0.0223199      1.49512      0.86014      1.50372 
        15.3        0.035        0.562      3.45314      25     0.020774     0.010735    0.0207557      1.00088    0.0017003   0.00302975 
        26.5        0.075       0.0056      68.5977      26     0.079339    0.0247778    0.0534627      1.48401      1.04434      1.91852 
        26.5        0.025       0.0178      38.2396      27     0.039559   0.00658084    0.0338496      1.16867     0.867581      1.77707 
        26.5        0.035       0.0178      38.2396      28     0.044642    0.0077914    0.0358059      1.24678      1.13409      2.30155 
        26.5         0.05       0.0178      38.2396      29      0.05525   0.00814596    0.0386693      1.42878      2.03545      4.39714 
        26.5        0.075       0.0178      38.2396      30     0.055029    0.0113724    0.0448353      1.22736     0.896355      1.80529 
        26.5       0.0085       0.0562      21.0957      31     0.034697   0.00653788    0.0261625      1.32621      1.30539      3.66673 
        26.5        0.016       0.0562      21.0957      32      0.03315   0.00408189    0.0256276      1.29353      1.84288       4.5845 
        26.5        0.025       0.0562      21.0957      33     0.029614   0.00370329    0.0255855      1.15745      1.08781      2.45354 
        26.5        0.035       0.0562      21.0957      34     0.034697   0.00536178    0.0264274      1.31292      1.54232      3.22077 
        26.5         0.05       0.0562      21.0957      35     0.040664   0.00581978    0.0287418      1.41481      2.04857      4.57884 
        26.5        0.075       0.0562      21.0957      36     0.046631   0.00723472    0.0342419      1.36181      1.71244      3.48859 
        26.5         0.09       0.0562      21.0957      37     0.052377    0.0105271    0.0381685      1.37226       1.3497      2.68075 
        26.5       0.0025        0.178      11.0624      38     0.030498   0.00399163     0.025092      1.21545      1.35434       3.2736 
        26.5       0.0085        0.178      11.0624      39     0.027846   0.00353567    0.0215492      1.29221      1.78093      4.46579 
        26.5        0.016        0.178      11.0624      40     0.024973   0.00336228    0.0200541      1.24528      1.46298      3.58128 
        26.5        0.025        0.178      11.0624      41     0.020553   0.00294525     0.019739      1.04124     0.276392     0.602254 
        26.5        0.035        0.178      11.0624      42       0.0221   0.00447234    0.0201968      1.09423     0.425551     0.878756 
        26.5         0.05        0.178      11.0624      43     0.023205    0.0120568     0.021718      1.06847     0.123329        0.217 
        26.5        0.075        0.178      11.0624      44     0.037349    0.0284064    0.0254933      1.46505      0.41736     0.731126 
        26.5       0.0009        0.562      4.54456      45     0.053261    0.0229803    0.0370955      1.43578      0.70345      1.25595 
        26.5       0.0025        0.562      4.54456      46     0.041769   0.00753627    0.0309039      1.35158      1.44171      7.02012 
        26.5       0.0085        0.562      4.54456      47      0.03094   0.00390641    0.0248148      1.24684      1.56799      4.58418 
        26.5        0.025        0.562      4.54456      48     0.030056    0.0181922    0.0213037      1.41083       0.4811     0.845567 
          46         0.05       0.0178      50.3812      49     0.069173    0.0131403    0.0434842      1.59076      1.95496      3.82612 
          46        0.075       0.0178      50.3812      50     0.048178    0.0166424    0.0505279     0.953494    -0.141197    -0.256708 
          46        0.016       0.0562       27.794      51     0.036023   0.00654281    0.0287483      1.25305      1.11186      2.29485 
          46        0.025       0.0562       27.794      52     0.038012   0.00665438    0.0290864      1.30687      1.34132      2.73036 
          46        0.035       0.0562       27.794      53     0.034918   0.00590858    0.0299388      1.16631     0.842711      1.67901 
          46         0.05       0.0562       27.794      54     0.043979   0.00721376    0.0322136      1.36523      1.63097      3.41494 
          46        0.075       0.0562       27.794      55     0.046852    0.0081196    0.0377117      1.24237      1.12571      2.29914 
          46         0.09       0.0562       27.794      56     0.059007    0.0103727    0.0416724      1.41597      1.67118      3.18696 
          46       0.0085        0.178      14.5749      57     0.026741   0.00407298    0.0237723      1.12488     0.728881      1.65037 
          46        0.016        0.178      14.5749      58     0.029393   0.00405964    0.0221442      1.32734      1.78557      4.05104 
          46        0.025        0.178      14.5749      59     0.029835   0.00514288    0.0216884      1.37562      1.58405      3.21242 
          46        0.035        0.178      14.5749      60     0.028509    0.0045173    0.0220416      1.29342      1.43171      2.93213 
          46         0.05        0.178      14.5749      61     0.032708   0.00538064    0.0234595      1.39423      1.71884      3.55763 
          46        0.075        0.178      14.5749      62     0.044421   0.00927176    0.0271297      1.63736      1.86494      3.64559 
          46         0.09        0.178      14.5749      63     0.039117    0.0108588    0.0298135      1.31205      0.85677      1.74091 
          46       0.0025        0.562      5.98753      64     0.043316   0.00618707    0.0308512      1.40403      2.01465      5.53699 
          46       0.0085        0.562      5.98753      65     0.029835   0.00417978    0.0248035      1.20285      1.20376      3.24493 
          46        0.016        0.562      5.98753      66     0.027404    0.0041772     0.022444      1.22099      1.18739      2.53816 
          46        0.025        0.562      5.98753      67     0.023426   0.00586235    0.0212537      1.10221      0.37055     0.713308 
          46        0.035        0.562      5.98753      68     0.029835   0.00835849    0.0207409      1.43846      1.08801      1.94738 
          46         0.05        0.562      5.98753      69      0.02652    0.0120667    0.0207281      1.27942     0.479986     0.832024 
          80        0.035       0.0562      36.6536      70     0.050167    0.0173923    0.0329087      1.52443     0.992297      1.81062 
          80         0.05       0.0562      36.6536      71     0.051935    0.0143739    0.0353715      1.46827      1.15234      2.12619 
          80        0.075       0.0562      36.6536      72     0.047736    0.0206119     0.040971      1.16512     0.328209     0.590488 
          80       0.0085        0.178      19.2208      73     0.045526    0.0127262     0.025309      1.79881      1.58862      2.96051 
          80        0.016        0.178      19.2208      74     0.029393   0.00713548    0.0239265      1.22847     0.766094       1.4306 
          80        0.025        0.178      19.2208      75     0.032266   0.00729811    0.0234007      1.37885      1.21474      2.28964 
          80        0.035        0.178      19.2208      76     0.035802   0.00932475    0.0236738      1.51231      1.30065      2.41971 
          80         0.05        0.178      19.2208      77     0.032266   0.00896821    0.0250027       1.2905     0.809893      1.50071 
          80        0.075        0.178      19.2208      78     0.040443    0.0188444    0.0285748      1.41534     0.629799      1.12867 
          80       0.0085        0.562      7.89612      79     0.025636   0.00561639     0.024628      1.04093     0.179481     0.393211 
          80        0.016        0.562      7.89612      80      0.01989   0.00540426     0.022277      0.89285    -0.441683    -0.857205 
          80        0.025        0.562      7.89612      81     0.022984   0.00743695    0.0210765      1.09051     0.256495     0.488202 
          80        0.035        0.562      7.89612      82     0.024089    0.0108888    0.0205429      1.17262      0.32567     0.588841 
         200         0.05       0.0562      57.9545      83     0.035802    0.0174588     0.038154     0.938354     -0.13472    -0.234628 
         200        0.075       0.0562      57.9545      84     0.063648    0.0409655    0.0452081      1.40789     0.450133      0.78302 
         200        0.016        0.178      30.3907      85     0.032045    0.0116307     0.025383      1.26246     0.572791      1.03947 
         200        0.025        0.178      30.3907      86     0.043979    0.0129167    0.0254747      1.72638      1.43258       2.6297 
         200        0.035        0.178      30.3907      87     0.037349    0.0148262    0.0258189      1.44658     0.777684      1.40324 
         200         0.05        0.178      30.3907      88     0.051935    0.0188618    0.0270979      1.91657      1.31679      2.39117 
         200        0.075        0.178      30.3907      89     0.046189    0.0284113    0.0305583      1.51151     0.550158      0.96688 
         200       0.0085        0.562      12.4849      90     0.024089   0.00869132     0.024045      1.00183   0.00506373   0.00961576 
         200        0.016        0.562      12.4849      91     0.020553   0.00853771    0.0217828     0.943544     -0.14404    -0.260148 
         200        0.025        0.562      12.4849      92     0.016354   0.00804992    0.0205941     0.794109    -0.526732     -0.96027 
         200        0.035        0.562      12.4849      93     0.034918    0.0205146    0.0200458      1.74191     0.724958      1.29066 
         200         0.05        0.562      12.4849      94     0.033371    0.0168694    0.0199454      1.67312     0.795857      1.38729 
         200        0.075        0.562      12.4849      95     0.050388    0.0437681    0.0207273        2.431     0.677678      1.17729 
