          Q2           xp         beta           mx   iData         Data       ErrTot       Theory        Ratio         Pull      PullUnc 
         8.5       0.0003         0.43       3.3567       0      0.03764   0.00738157     0.046274     0.813416     -1.16967     -1.26446 
         8.5       0.0003         0.67      2.04611       1      0.06919   0.00623517    0.0610263      1.13377       1.3093      1.87073 
          12       0.0003         0.67      2.43114       2      0.06314   0.00422849    0.0596574      1.05838     0.823603      2.87135 
         8.5        0.001         0.13      7.54219       3      0.03321    0.0033923    0.0276137      1.20267      1.64972      2.10428 
         8.5        0.001          0.2      5.83095       4      0.03233   0.00245878    0.0300274      1.07668     0.936481      1.35938 
         8.5        0.001         0.32         4.25       5      0.03332   0.00242573    0.0340872     0.977492    -0.316284    -0.472181 
         8.5        0.001          0.5      2.91548       6      0.03871   0.00292152    0.0419553     0.922649     -1.11083     -1.59753 
          12        0.001          0.2       6.9282       7      0.03227   0.00177925    0.0318847      1.01209     0.216574     0.662372 
          12        0.001         0.32      5.04975       8       0.0365   0.00200318    0.0363462      1.00423    0.0767952     0.217066 
          12        0.001          0.5       3.4641       9      0.04438   0.00249596    0.0431491      1.02853     0.493157      1.21628 
          15        0.001          0.2      7.74597      10      0.04107   0.00543786    0.0322542      1.27332      1.62118      1.82085 
          15        0.001         0.32      5.64579      11       0.0384    0.0020853    0.0374957      1.02412     0.433667      1.32271 
          15        0.001          0.5      3.87298      12      0.04522   0.00252666    0.0438302      1.03171     0.550073      1.44567 
          20        0.001         0.32       6.5192      13      0.03892   0.00213316    0.0384258      1.01286     0.231693     0.661073 
          20        0.001          0.5      4.47214      14      0.04528   0.00251538    0.0445263      1.01693     0.299644     0.807437 
          20        0.001          0.8      2.23607      15       0.0451   0.00283987    0.0422197      1.06822      1.01425      2.37683 
          25        0.001         0.32      7.28869      16      0.05186    0.0128154     0.038517      1.34642      1.04117      1.07466 
          25        0.001          0.5            5      17      0.04764   0.00268353    0.0448752      1.06161      1.03027      2.81509 
          25        0.001          0.8          2.5      18      0.04499   0.00278502    0.0406756      1.10607      1.54913      3.56888 
          35        0.001          0.5      5.91608      19      0.04718    0.0028087    0.0450182      1.04802     0.769691      1.75073 
          35        0.001          0.8      2.95804      20      0.04344   0.00278897    0.0385164      1.12783       1.7654      3.72671 
          45        0.001          0.8       3.3541      21      0.04048   0.00285463    0.0370414      1.09283      1.20456       2.3102 
         8.5        0.003        0.043      13.7541      22      0.02783   0.00300886    0.0285499     0.974783    -0.239275     -0.28278 
         8.5        0.003        0.067      10.8796      23       0.0246   0.00197092    0.0274817      0.89514     -1.46213     -1.93501 
         8.5        0.003         0.11      8.29293      24      0.02097   0.00165025    0.0256393     0.817887     -2.82943      -3.8271 
         8.5        0.003         0.17      6.44205      25      0.02308   0.00172174    0.0250591     0.921024     -1.14945     -1.59782 
         8.5        0.003         0.27       4.7939      26      0.02265   0.00166057    0.0267624     0.846336      -2.4765     -3.49938 
         8.5        0.003         0.43       3.3567      27      0.03263    0.0023259    0.0316211       1.0319     0.433752     0.627857 
         8.5        0.003         0.67      2.04611      28      0.04341   0.00365496    0.0399204      1.08741     0.954748      1.24394 
          12        0.003        0.067      12.9269      29      0.02712   0.00155509    0.0301666     0.899007     -1.95912     -4.87964 
          12        0.003         0.11      9.85347      30      0.02698   0.00150678    0.0286745     0.940907     -1.12455     -2.82856 
          12        0.003         0.17       7.6543      31      0.02655   0.00147227    0.0276803     0.959167    -0.767712     -1.91733 
          12        0.003         0.27        5.696      32      0.02751    0.0015435    0.0289632     0.949825    -0.941512     -2.31655 
          12        0.003         0.43      3.98836      33      0.03388   0.00191624    0.0331776      1.02117     0.366529     0.884767 
          12        0.003         0.67      2.43114      34      0.04193   0.00242361    0.0391938      1.06981      1.12896      2.48603 
          15        0.003        0.067      14.4527      35      0.03764    0.0058291    0.0308591      1.21974      1.16329      1.27054 
          15        0.003         0.11      11.0165      36       0.0278    0.0015568    0.0303597     0.915687     -1.64423     -4.42493 
          15        0.003         0.17      8.55776      37      0.02732   0.00151053    0.0292452     0.934172     -1.27449     -3.41815 
          15        0.003         0.27      6.36832      38      0.02903    0.0015762    0.0302665     0.959145    -0.784508     -2.06617 
          15        0.003         0.43      4.45912      39      0.03449    0.0018957     0.034093      1.01165     0.209446     0.522729 
          15        0.003         0.67       2.7181      40      0.04031   0.00229023     0.038656      1.04279     0.722215      1.65193 
          20        0.003         0.11      12.7208      41      0.02754   0.00157364    0.0318887     0.863628     -2.76347     -6.92461 
          20        0.003         0.17      9.88165      42      0.02996   0.00165378    0.0310237     0.965714    -0.643176     -1.77515 
          20        0.003         0.27      7.35351      43      0.03194   0.00170842    0.0317896      1.00473     0.088056     0.245191 
          20        0.003         0.43      5.14894      44      0.03618   0.00196608    0.0351329       1.0298     0.532566      1.40382 
          20        0.003         0.67      3.13859      45      0.03927   0.00223667    0.0379189      1.03563     0.604081      1.42864 
          25        0.003         0.11      14.2223      46      0.03645   0.00775255    0.0322294      1.13096     0.544418     0.573756 
          25        0.003         0.17       11.048      47      0.03156   0.00171676    0.0321331     0.982164     -0.33384    -0.880879 
          25        0.003         0.27      8.22147      48      0.03205   0.00172981    0.0328371      0.97603    -0.455031     -1.27849 
          25        0.003         0.43      5.75669      49      0.03706   0.00200364    0.0358265      1.03443     0.615619      1.66417 
          25        0.003         0.67      3.50905      50      0.03909   0.00225268    0.0373746       1.0459     0.761479      1.82213 
          35        0.003         0.17      13.0722      51      0.03132   0.00179729    0.0330048     0.948954    -0.937391     -2.23358 
          35        0.003         0.27      9.72778      52       0.0333   0.00178178    0.0341504     0.975099     -0.47726     -1.27684 
          35        0.003         0.43      6.81141      53      0.03691   0.00201692    0.0367329      1.00482    0.0877904     0.224161 
          35        0.003         0.67      4.15196      54      0.03975   0.00237371    0.0365986      1.08611      1.32761      3.19168 
          45        0.003         0.27      11.0303      55      0.03306   0.00184337    0.0347853     0.950402    -0.935927     -2.15578 
          45        0.003         0.43      7.72342      56      0.03872   0.00213522    0.0372506      1.03945     0.688164      1.67386 
          45        0.003         0.67      4.70788      57      0.03844    0.0023571    0.0360134      1.06738      1.02947      2.22905 
          60        0.003         0.43      8.91823      58      0.03776   0.00214967    0.0376345      1.00333    0.0583756      0.12351 
          60        0.003         0.67       5.4362      59      0.03728   0.00233559    0.0353225      1.05542      0.83813      1.68595 
          90        0.003         0.67      6.65795      60      0.03532   0.00279854    0.0342974      1.02982     0.365414     0.546189 
         8.5         0.01        0.013      25.4037      61      0.03654   0.00394361    0.0327623      1.11531     0.957939      1.12636 
         8.5         0.01         0.02      20.4083      62      0.03174   0.00265746    0.0318393     0.996881   -0.0373673   -0.0496855 
         8.5         0.01        0.032      16.0351      63      0.03085   0.00240373     0.028857      1.06906     0.829108      1.11982 
         8.5         0.01         0.05      12.7083      64      0.02431   0.00194267    0.0256596     0.947403    -0.694719    -0.909621 
         8.5         0.01         0.08      9.88686      65      0.02142   0.00168811    0.0226347     0.946335    -0.719552    -0.973534 
         8.5         0.01         0.13      7.54219      66      0.01919   0.00155249    0.0210121     0.913284     -1.17365     -1.55571 
         8.5         0.01          0.2      5.83095      67      0.01961   0.00173269    0.0209321      0.93684    -0.763017    -0.940362 
          12         0.01         0.02      24.2487      68      0.03014   0.00194421    0.0355555      0.84769     -2.78543     -4.69432 
          12         0.01        0.032      19.0526      69      0.02966   0.00188288    0.0330663     0.896986     -1.80907     -3.08703 
          12         0.01         0.05      15.0997      70      0.02732    0.0017153      0.02944     0.927991     -1.23591     -2.13176 
          12         0.01         0.08      11.7473      71      0.02545   0.00159322     0.025758     0.988042    -0.193332    -0.332494 
          12         0.01         0.13      8.96146      72      0.02165   0.00136807    0.0235175      0.92059     -1.36507     -2.31867 
          12         0.01          0.2       6.9282      73      0.02283   0.00150609    0.0229527     0.994656   -0.0814422    -0.127886 
          12         0.01         0.32      5.04975      74       0.0242   0.00173786    0.0245886     0.984198    -0.223581    -0.316038 
          15         0.01         0.02      27.1109      75      0.03639   0.00584544    0.0366757     0.992211   -0.0488688   -0.0543083 
          15         0.01        0.032      21.3014      76      0.03226   0.00198524    0.0354575     0.909821     -1.61065     -3.07793 
          15         0.01         0.05      16.8819      77      0.03067   0.00186281    0.0317916      0.96472    -0.602113     -1.16465 
          15         0.01         0.08      13.1339      78      0.02573   0.00156213    0.0277408     0.927514     -1.28723     -2.47136 
          15         0.01         0.13      10.0192      79      0.02381   0.00142064     0.025094     0.948834    -0.903791     -1.79751 
          15         0.01          0.2      7.74597      80      0.02299   0.00138284    0.0241969      0.95012      -0.8728     -1.71506 
          15         0.01         0.32      5.64579      81      0.02456   0.00148563    0.0255666     0.960628    -0.677558     -1.24946 
          20         0.01        0.032      24.5967      82      0.03445   0.00225325    0.0376553     0.914878     -1.42252      -2.3437 
          20         0.01         0.05      19.4936      83      0.03209   0.00200479    0.0345607     0.928513     -1.23237     -2.29137 
          20         0.01         0.08      15.1658      84      0.02971   0.00185348    0.0301965     0.983887    -0.262502    -0.467898 
          20         0.01         0.13      11.5692      85      0.02658   0.00159878    0.0270585     0.982316    -0.299298    -0.569296 
          20         0.01          0.2      8.94427      86      0.02542   0.00156328    0.0257179     0.988415    -0.190588     -0.34638 
          20         0.01         0.32       6.5192      87      0.02663   0.00158129    0.0267173     0.996733   -0.0552035    -0.108426 
          20         0.01          0.5      4.47214      88       0.0287   0.00179576    0.0295955     0.969741     -0.49869    -0.857212 
          25         0.01        0.032         27.5      89      0.03306   0.00700256    0.0381128     0.867425    -0.721563     -0.77209 
          25         0.01         0.05      21.7945      90      0.03307   0.00205513    0.0363307     0.910249     -1.58661     -3.06188 
          25         0.01         0.08      16.9558      91      0.03202   0.00196734    0.0319765      1.00136    0.0221023    0.0429433 
          25         0.01         0.13      12.9347      92      0.02889   0.00176584    0.0285276      1.01271     0.205255      0.38959 
          25         0.01          0.2           10      93      0.02686   0.00160891    0.0268413       1.0007     0.011605    0.0234198 
          25         0.01         0.32      7.28869      94      0.02769   0.00168773    0.0275313      1.00576    0.0940041     0.181187 
          25         0.01          0.5            5      95      0.03028   0.00186216    0.0299442      1.01122     0.180346     0.327766 
          25         0.01          0.8          2.5      96      0.02928   0.00259966    0.0267024      1.09653     0.991506      1.26616 
          35         0.01         0.05      25.7876      97      0.03551   0.00235279     0.037733     0.941086    -0.944843     -1.56506 
          35         0.01         0.08      20.0624      98      0.03243   0.00208765    0.0342813     0.945996    -0.886796     -1.49147 
          35         0.01         0.13      15.3046      99      0.03161   0.00190816    0.0306073      1.03276     0.525486      1.01072 
          35         0.01          0.2      11.8322     100      0.02963   0.00178298    0.0284573      1.04121     0.657739      1.20828 
          35         0.01         0.32      8.62409     101      0.02729   0.00173908    0.0286687     0.951909    -0.792781     -1.55688 
          35         0.01          0.5      5.91608     102      0.03171   0.00195602    0.0303987      1.04314     0.670371      1.16449 
          35         0.01          0.8      2.95804     103       0.0284   0.00194224    0.0252981      1.12261      1.59708      2.53936 
          45         0.01         0.08      22.7486     104      0.03368    0.0022267    0.0354736     0.949438    -0.805496     -1.27962 
          45         0.01         0.13      17.3538     105      0.03212   0.00196694    0.0319777      1.00445    0.0723338     0.130904 
          45         0.01          0.2      13.4164     106      0.02994   0.00183808    0.0295656      1.01267     0.203717     0.366419 
          45         0.01         0.32       9.7788     107       0.0291   0.00183168     0.029423     0.989021    -0.176365    -0.333503 
          45         0.01          0.5       6.7082     108      0.03255   0.00203144    0.0306539      1.06186     0.933386      1.57901 
          45         0.01          0.8       3.3541     109      0.02606   0.00181019     0.024348      1.07032     0.945775      1.46171 
          60         0.01         0.13      20.0384     110      0.03316   0.00216228    0.0332379     0.997658   -0.0360059   -0.0575391 
          60         0.01          0.2      15.4919     111      0.03013    0.0018683    0.0306977     0.981506     -0.30387    -0.566066 
          60         0.01         0.32      11.2916     112      0.03138   0.00191238    0.0301906       1.0394     0.621935      1.13867 
          60         0.01          0.5      7.74597     113      0.03225   0.00210714    0.0308567      1.04515     0.661235      1.19825 
          60         0.01          0.8      3.87298     114      0.02516   0.00168685    0.0233061      1.07955      1.09905       1.8698 
          90         0.01          0.2      18.9737     115      0.03061   0.00225353    0.0319125     0.959186    -0.577973    -0.837555 
          90         0.01         0.32      13.8293     116      0.03095    0.0020427    0.0310848     0.995664   -0.0659884    -0.101257 
          90         0.01          0.5      9.48683     117      0.03039   0.00196222    0.0309918     0.980582    -0.306696    -0.513015 
          90         0.01          0.8      4.74342     118      0.02396   0.00165965    0.0219135      1.09339      1.23306      1.96725 
         200         0.01         0.32      20.6155     119       0.0321   0.00374182    0.0318927       1.0065    0.0553957    0.0945933 
         200         0.01          0.5      14.1421     120       0.0315   0.00365481     0.030852        1.021     0.177301     0.321076 
         200         0.01          0.8      7.07107     121       0.0211   0.00261938    0.0194427      1.08524     0.632714     0.904739 
         400         0.01          0.8           10     122       0.0196   0.00335813    0.0175831       1.1147     0.600588     0.746814 
         8.5         0.03       0.0043      44.3649     123      0.03435     0.008582    0.0376289     0.912861    -0.382071    -0.414071 
         8.5         0.03       0.0067      35.4987     124      0.02474    0.0048734    0.0370929     0.666975     -2.53475     -2.68441 
         8.5         0.03        0.011      27.6447     125      0.03042   0.00532993    0.0342613     0.887883      -0.7207    -0.784982 
         8.5         0.03        0.017      22.1698     126      0.02617   0.00458692    0.0313046      0.83598     -1.11939     -1.23747 
         8.5         0.03        0.027      17.5019     127      0.02631   0.00449416    0.0281011     0.936261    -0.398548    -0.443433 
         8.5         0.03        0.043      13.7541     128      0.02782   0.00514783    0.0249632      1.11444     0.554956     0.603211 
          12         0.03       0.0067      42.1787     129      0.03331   0.00767562     0.041901      0.79497     -1.11925     -1.17621 
          12         0.03        0.011      32.8468     130      0.03641   0.00650038    0.0396252      0.91886    -0.494618    -0.528861 
          12         0.03        0.017      26.3416     131      0.03224   0.00582296    0.0361964     0.890696    -0.679453    -0.754449 
          12         0.03        0.027      20.7953     132      0.03637   0.00648305    0.0322904      1.12634     0.629276     0.695756 
          12         0.03        0.043      16.3423     133      0.02906   0.00547185    0.0284479      1.02152      0.11186     0.120106 
          12         0.03        0.067      12.9269     134      0.02413   0.00451985    0.0250845      0.96195    -0.211174    -0.225206 
          15         0.03       0.0067      47.1572     135      0.04792   0.00997542    0.0435907      1.09932     0.433992     0.465632 
          15         0.03        0.011      36.7238     136      0.03531   0.00553455    0.0428004     0.824992     -1.35339     -1.55335 
          15         0.03        0.017      29.4509     137      0.03527   0.00516293    0.0393164      0.89708    -0.783749    -0.912897 
          15         0.03        0.027      23.2499     138      0.03085   0.00465263    0.0350082     0.881222     -0.89373      -1.0141 
          15         0.03        0.043      18.2712     139      0.02592    0.0040625    0.0307063     0.844127     -1.17816     -1.37688 
          15         0.03        0.067      14.4527     140      0.02366   0.00354971    0.0269289     0.878609    -0.920898      -1.0459 
          15         0.03         0.11      11.0165     141      0.02278   0.00357486    0.0237976      0.95724    -0.284649     -0.32533 
          20         0.03        0.011       42.405     142      0.03178   0.00561068    0.0459648     0.691398     -2.52819     -2.85229 
          20         0.03        0.017      34.0069     143      0.03851   0.00609639    0.0430947     0.893613     -0.75204    -0.849577 
          20         0.03        0.027      26.8466     144      0.03118   0.00456071    0.0384479     0.810968     -1.59358     -1.79702 
          20         0.03        0.043      21.0978     145      0.02917   0.00425242    0.0335825     0.868606     -1.03765     -1.17362 
          20         0.03        0.067      16.6885     146      0.02773   0.00405503    0.0292672     0.947476    -0.379095    -0.428759 
          20         0.03         0.11      12.7208     147      0.02288   0.00347535    0.0256127     0.893308    -0.786302    -0.889304 
          25         0.03        0.011      47.4102     148      0.03729     0.010915    0.0470117     0.793207     -0.89067    -0.930306 
          25         0.03        0.017      38.0209     149      0.03875   0.00622405    0.0456141     0.849518     -1.10284     -1.24385 
          25         0.03        0.027      30.0154     150      0.03755    0.0055664    0.0410063     0.915713    -0.620921    -0.701409 
          25         0.03        0.043       23.588     151      0.02978   0.00430895    0.0357692     0.832561     -1.38993     -1.53683 
          25         0.03        0.067      18.6584     152      0.02655   0.00418405    0.0310438     0.855244     -1.07403     -1.23045 
          25         0.03         0.11      14.2223     153      0.02491    0.0037591     0.026988     0.923003    -0.552792    -0.638081 
          25         0.03         0.17       11.048     154      0.02562     0.003895    0.0244814      1.04651      0.29233     0.336437 
          35         0.03        0.017      44.9869     155      0.05337    0.0108338    0.0479077      1.11402     0.504186     0.539748 
          35         0.03        0.027      35.5147     156      0.04213   0.00639252    0.0444432     0.947952    -0.361858    -0.399118 
          35         0.03        0.043      27.9097     157      0.04063   0.00618738    0.0389194      1.04395     0.276459     0.301174 
          35         0.03        0.067      22.0769     158      0.03063   0.00470467    0.0336361     0.910628    -0.638963    -0.723341 
          35         0.03         0.11       16.828     159      0.02992   0.00459825    0.0290046      1.03156     0.199085     0.228141 
          35         0.03         0.17      13.0722     160      0.02493   0.00390741    0.0260001     0.958841    -0.273877    -0.310538 
          35         0.03         0.27      9.72778     161       0.0284   0.00442138    0.0248586      1.14246      0.80098     0.923186 
          45         0.03        0.027      40.2699     162      0.05064   0.00916318    0.0463458      1.09265     0.468632     0.499607 
          45         0.03        0.043      31.6467     163      0.04048   0.00628966    0.0410669     0.985709   -0.0933087    -0.100961 
          45         0.03        0.067      25.0328     164      0.03804   0.00646311    0.0354726      1.07238     0.397235     0.439285 
          45         0.03         0.11      19.0812     165      0.02427    0.0039952    0.0304326       0.7975     -1.54251     -1.74615 
          45         0.03         0.17      14.8225     166      0.02521   0.00413698    0.0270692     0.931317    -0.449411    -0.517856 
          45         0.03         0.27      11.0303     167      0.02092   0.00342916    0.0255907     0.817486     -1.36204      -1.5414 
          60         0.03        0.043      36.5424     168        0.039   0.00742097    0.0430858      0.90517    -0.550578    -0.592042 
          60         0.03        0.067      28.9054     169      0.03913   0.00632334    0.0373926      1.04646     0.274763     0.300502 
          60         0.03         0.11       22.033     170      0.02613   0.00422006    0.0319722     0.817272      -1.3844     -1.52774 
          60         0.03         0.17      17.1155     171      0.02548    0.0043259    0.0282175     0.902986    -0.632818    -0.749189 
          60         0.03         0.27      12.7366     172      0.02165   0.00443614    0.0263643     0.821186     -1.06271     -1.19426 
          60         0.03         0.43      8.91823     173      0.02698   0.00474403    0.0263478      1.02399     0.133256     0.158926 
          90         0.03        0.067      35.4017     174      0.03286    0.0130657    0.0396219     0.829339    -0.517534    -0.528286 
          90         0.03         0.11      26.9848     175      0.03379   0.00657396      0.03391      0.99646   -0.0182607    -0.019213 
          90         0.03         0.17      20.9622     176      0.03622   0.00621656    0.0296761      1.22051      1.05265      1.16019 
          90         0.03         0.27      15.5991     177      0.02668    0.0044977    0.0273283     0.976276    -0.144148    -0.157476 
          90         0.03         0.43      10.9226     178      0.03214    0.0056432    0.0267175      1.20296     0.960891      1.04504 
          90         0.03         0.67      6.65795     179      0.02818   0.00735714    0.0233435      1.20719     0.657382     0.699192 
         200         0.03         0.11      40.2266     180       0.0361   0.00587732      0.03623     0.996411   -0.0221214   -0.0288629 
         200         0.03         0.17      31.2485     181       0.0331   0.00525217    0.0318919      1.03788     0.230014     0.301798 
         200         0.03         0.27      23.2538     182       0.0283   0.00434421    0.0288207     0.981935     -0.11985     -0.14957 
         200         0.03         0.43      16.2824     183       0.0309   0.00474765    0.0271416      1.13847     0.791627     0.981846 
         200         0.03         0.67      9.92509     184       0.0297   0.00505179    0.0220087      1.34946      1.52248      1.95731 
         400         0.03         0.27      32.8859     185       0.0322   0.00552584    0.0295454      1.08985     0.480405     0.612839 
         400         0.03         0.43      23.0268     186       0.0293   0.00466459    0.0272558        1.075     0.438247     0.533821 
         400         0.03         0.67      14.0362     187       0.0289   0.00502204    0.0209141      1.38184      1.59017      2.01958 
         800         0.03         0.43      32.5648     188       0.0391   0.00797918    0.0271006      1.44277      1.50384      1.78732 
         800         0.03         0.67      19.8502     189       0.0228   0.00502273    0.0199468      1.14304     0.568055     0.682318 
        1600         0.03         0.67      28.0724     190       0.0214   0.00702497    0.0191873      1.11532     0.314974     0.344345 
