          Q2           xp         beta           mx   iData         Data       ErrTot       Theory        Ratio         Pull      PullUnc 
        15.3         0.05       0.0056      52.1233       0     0.054145   0.00811453    0.0489605      1.10589      0.63892      1.35782 
        15.3        0.075       0.0056      52.1233       1     0.065416    0.0134549    0.0523432      1.24975     0.971606      1.99842 
        15.3        0.016       0.0178       29.056       2     0.038896   0.00488992    0.0391744     0.992894   -0.0569259    -0.147535 
        15.3        0.025       0.0178       29.056       3     0.036244   0.00430694    0.0392421       0.9236     -0.69611     -1.85665 
        15.3        0.035       0.0178       29.056       4     0.036465     0.004779    0.0391768     0.930779     -0.56745     -1.28107 
        15.3         0.05       0.0178       29.056       5     0.038896   0.00488311    0.0397832     0.977699    -0.181686    -0.447587 
        15.3        0.075       0.0178       29.056       6     0.046631   0.00708055    0.0419715      1.11102     0.658074      1.42312 
        15.3         0.09       0.0178       29.056       7     0.051714     0.010362    0.0436556      1.18459     0.777679      1.53868 
        15.3       0.0085       0.0562      16.0294       8     0.029614   0.00462396    0.0314854     0.940562    -0.404727     -1.40432 
        15.3        0.016       0.0562      16.0294       9     0.026962   0.00309171    0.0294847     0.914441    -0.815949     -2.39201 
        15.3        0.025       0.0562      16.0294      10     0.024973   0.00287819    0.0286418     0.871908     -1.27468     -3.25742 
        15.3        0.035       0.0562      16.0294      11     0.026741   0.00376925    0.0286112     0.934632    -0.496186     -1.12805 
        15.3         0.05       0.0562      16.0294      12      0.03094   0.00415461    0.0294073      1.05212     0.368906     0.853318 
        15.3        0.075       0.0562      16.0294      13     0.038454   0.00614687    0.0317655      1.21056      1.08811      2.25075 
        15.3         0.09       0.0562      16.0294      14     0.035802   0.00746547    0.0334783      1.06941     0.311254     0.610665 
        15.3       0.0025        0.178      8.40566      15     0.030056   0.00319415    0.0301396     0.997227   -0.0261682   -0.0809233 
        15.3       0.0085        0.178      8.40566      16     0.024531   0.00260699    0.0249324       0.9839    -0.153976     -0.47616 
        15.3        0.016        0.178      8.40566      17     0.021658   0.00249406    0.0229779     0.942557    -0.529229      -1.5445 
        15.3        0.025        0.178      8.40566      18     0.021437   0.00308417    0.0221902     0.966057    -0.244219    -0.569833 
        15.3        0.035        0.178      8.40566      19     0.025857     0.010347    0.0220667      1.17177     0.366321     0.646571 
        15.3         0.05        0.178      8.40566      20     0.029614    0.0102513    0.0225499      1.31327     0.689092      1.24179 
        15.3       0.0009        0.562      3.45314      21      0.03978   0.00757963    0.0466049     0.853558    -0.900428      -1.8186 
        15.3       0.0025        0.562      3.45314      22     0.038233   0.00458334    0.0386627     0.988885   -0.0937635     -0.44818 
        15.3       0.0085        0.562      3.45314      23     0.035802   0.00407577    0.0310551      1.15285      1.16466      3.97246 
        15.3        0.016        0.562      3.45314      24     0.033371    0.0128481    0.0280118      1.19132     0.417119     0.729217 
        15.3        0.035        0.562      3.45314      25     0.020774     0.010735    0.0253227      0.82037     -0.42373    -0.755041 
        26.5        0.075       0.0056      68.5977      26     0.079339    0.0247778    0.0598644      1.32531      0.78597      1.44389 
        26.5        0.025       0.0178      38.2396      27     0.039559   0.00658084    0.0451038     0.877065    -0.842571     -1.72585 
        26.5        0.035       0.0178      38.2396      28     0.044642    0.0077914     0.046152     0.967281    -0.193809    -0.393321 
        26.5         0.05       0.0178      38.2396      29      0.05525   0.00814596    0.0470281      1.17483      1.00932      2.18042 
        26.5        0.075       0.0178      38.2396      30     0.055029    0.0113724    0.0491447      1.11973     0.517416      1.04209 
        26.5       0.0085       0.0562      21.0957      31     0.034697   0.00653788    0.0358561     0.967674    -0.177289     -0.49799 
        26.5        0.016       0.0562      21.0957      32      0.03315   0.00408189    0.0345712     0.958889    -0.348182    -0.866168 
        26.5        0.025       0.0562      21.0957      33     0.029614   0.00370329     0.033555     0.882551     -1.06419     -2.40026 
        26.5        0.035       0.0562      21.0957      34     0.034697   0.00536178    0.0333235      1.04122     0.256172     0.534956 
        26.5         0.05       0.0562      21.0957      35     0.040664   0.00581978    0.0339033      1.19941      1.16168      2.59651 
        26.5        0.075       0.0562      21.0957      36     0.046631   0.00723472    0.0360367      1.29399      1.46437      2.98321 
        26.5         0.09       0.0562      21.0957      37     0.052377    0.0105271    0.0376563      1.39092      1.39836      2.77739 
        26.5       0.0025        0.178      11.0624      38     0.030498   0.00399163    0.0327235     0.931991    -0.557537     -1.34763 
        26.5       0.0085        0.178      11.0624      39     0.027846   0.00353567    0.0280438     0.992946   -0.0559479    -0.140292 
        26.5        0.016        0.178      11.0624      40     0.024973   0.00336228    0.0257877     0.968409    -0.242294    -0.593121 
        26.5        0.025        0.178      11.0624      41     0.020553   0.00294525    0.0247861     0.829214     -1.43727      -3.1318 
        26.5        0.035        0.178      11.0624      42       0.0221   0.00447234    0.0245086     0.901725    -0.538549      -1.1121 
        26.5         0.05        0.178      11.0624      43     0.023205    0.0120568    0.0248348     0.934376    -0.135174     -0.23784 
        26.5        0.075        0.178      11.0624      44     0.037349    0.0284064    0.0262673      1.42188     0.390114     0.683397 
        26.5       0.0009        0.562      4.54456      45     0.053261    0.0229803    0.0467998      1.13806     0.281161      0.50199 
        26.5       0.0025        0.562      4.54456      46     0.041769   0.00753627     0.039043      1.06982     0.361717      1.76131 
        26.5       0.0085        0.562      4.54456      47      0.03094   0.00390641    0.0313615      0.98656    -0.107898    -0.315452 
        26.5        0.025        0.562      4.54456      48     0.030056    0.0181922    0.0265181      1.13342     0.194476     0.341805 
          46         0.05       0.0178      50.3812      49     0.069173    0.0131403    0.0529738       1.3058      1.23279      2.41274 
          46        0.075       0.0178      50.3812      50     0.048178    0.0166424    0.0559256     0.861466    -0.465534    -0.846379 
          46        0.016       0.0562       27.794      51     0.036023   0.00654281    0.0385257     0.935038    -0.382513    -0.789493 
          46        0.025       0.0562       27.794      52     0.038012   0.00665438     0.038011      1.00003  0.000152769  0.000310973 
          46        0.035       0.0562       27.794      53     0.034918   0.00590858    0.0377619     0.924689    -0.481313    -0.958966 
          46         0.05       0.0562       27.794      54     0.043979   0.00721376    0.0382163      1.15079     0.798853      1.67265 
          46        0.075       0.0562       27.794      55     0.046852    0.0081196    0.0401815      1.16601     0.821531      1.67789 
          46         0.09       0.0562       27.794      56     0.059007    0.0103727    0.0417279      1.41409      1.66583      3.17676 
          46       0.0085        0.178      14.5749      57     0.026741   0.00407298    0.0307793     0.868797    -0.991495       -2.245 
          46        0.016        0.178      14.5749      58     0.029393   0.00405964    0.0283689       1.0361     0.252252     0.572303 
          46        0.025        0.178      14.5749      59     0.029835   0.00514288    0.0271918      1.09721     0.513957      1.04229 
          46        0.035        0.178      14.5749      60     0.028509    0.0045173    0.0267791       1.0646     0.382939     0.784258 
          46         0.05        0.178      14.5749      61     0.032708   0.00538064    0.0269653      1.21297      1.06729      2.20906 
          46        0.075        0.178      14.5749      62     0.044421   0.00927176    0.0282403      1.57296      1.74516      3.41144 
          46         0.09        0.178      14.5749      63     0.039117    0.0108588    0.0292803      1.33595     0.905873      1.84069 
          46       0.0025        0.562      5.98753      64     0.043316   0.00618707    0.0391254      1.10711     0.677314      1.86151 
          46       0.0085        0.562      5.98753      65     0.029835   0.00417978     0.031468     0.948105    -0.390695     -1.05318 
          46        0.016        0.562      5.98753      66     0.027404    0.0041772    0.0283471     0.966729    -0.225781     -0.48263 
          46        0.025        0.562      5.98753      67     0.023426   0.00586235    0.0265702     0.881663    -0.536345     -1.03246 
          46        0.035        0.562      5.98753      68     0.029835   0.00835849    0.0255156      1.16929     0.516774     0.924952 
          46         0.05        0.562      5.98753      69      0.02652    0.0120667    0.0247247      1.07261     0.148777     0.257895 
          80        0.035       0.0562      36.6536      70     0.050167    0.0173923    0.0414615      1.20997     0.500535     0.913315 
          80         0.05       0.0562      36.6536      71     0.051935    0.0143739    0.0420965      1.23371     0.684472      1.26293 
          80        0.075       0.0562      36.6536      72     0.047736    0.0206119    0.0440349      1.08405      0.17956      0.32305 
          80       0.0085        0.178      19.2208      73     0.045526    0.0127262    0.0326045      1.39631      1.01535      1.89218 
          80        0.016        0.178      19.2208      74     0.029393   0.00713548     0.030543     0.962349    -0.161164    -0.300956 
          80        0.025        0.178      19.2208      75     0.032266   0.00729811    0.0292855      1.10177     0.408397      0.76978 
          80        0.035        0.178      19.2208      76     0.035802   0.00932475    0.0287725      1.24432     0.753859      1.40247 
          80         0.05        0.178      19.2208      77     0.032266   0.00896821    0.0288415      1.11874     0.381851      0.70756 
          80        0.075        0.178      19.2208      78     0.040443    0.0188444    0.0299769      1.34914     0.555398     0.995337 
          80       0.0085        0.562      7.89612      79     0.025636   0.00561639     0.031292      0.81925     -1.00706     -2.20628 
          80        0.016        0.562      7.89612      80      0.01989   0.00540426    0.0281824     0.705759     -1.53442     -2.97796 
          80        0.025        0.562      7.89612      81     0.022984   0.00743695    0.0263997     0.870615    -0.459291    -0.874195 
          80        0.035        0.562      7.89612      82     0.024089    0.0108888    0.0253318      0.95094    -0.114132    -0.206362 
         200         0.05       0.0562      57.9545      83     0.035802    0.0174588    0.0453813     0.788915    -0.548683    -0.955586 
         200        0.075       0.0562      57.9545      84     0.063648    0.0409655    0.0489688      1.29977     0.358331     0.623327 
         200        0.016        0.178      30.3907      85     0.032045    0.0116307    0.0321487     0.996775  -0.00891488   -0.0161783 
         200        0.025        0.178      30.3907      86     0.043979    0.0129167    0.0317381      1.38568     0.947677      1.73959 
         200        0.035        0.178      30.3907      87     0.037349    0.0148262    0.0313334      1.19199     0.405738     0.732106 
         200         0.05        0.178      30.3907      88     0.051935    0.0188618    0.0313443      1.65692      1.09166      1.98236 
         200        0.075        0.178      30.3907      89     0.046189    0.0284113    0.0323284      1.42874     0.487853     0.857382 
         200       0.0085        0.562      12.4849      90     0.024089   0.00869132    0.0305064     0.789637    -0.738371     -1.40213 
         200        0.016        0.562      12.4849      91     0.020553   0.00853771    0.0275246     0.746715    -0.816561     -1.47478 
         200        0.025        0.562      12.4849      92     0.016354   0.00804992    0.0257759     0.634469     -1.17043     -2.13379 
         200        0.035        0.562      12.4849      93     0.034918    0.0205146    0.0247145      1.41285     0.497376     0.885491 
         200         0.05        0.562      12.4849      94     0.033371    0.0168694    0.0238857      1.39711     0.562282     0.980135 
         200        0.075        0.562      12.4849      95     0.050388    0.0437681    0.0233878      2.15446     0.616891      1.07169 
