          Q2           xp         beta           mx   iData         Data       ErrTot       Theory        Ratio         Pull      PullUnc 
         3.5       0.0003         0.17      4.13379       0      0.02481   0.00491601    0.0221522      1.11998     0.540643     0.585636 
         3.5       0.0003         0.27      3.07619       1      0.02327   0.00175916    0.0295361      0.78785     -3.56197     -6.13261 
         3.5       0.0003         0.43      2.15396       2       0.0372   0.00253452    0.0410026      0.90726     -1.50031     -2.59387 
         3.5       0.0003         0.67      1.31297       3       0.0488   0.00357308    0.0617614     0.790138     -3.62751      -6.3857 
           5       0.0003         0.27      3.67675       4      0.03142   0.00282658    0.0320612     0.980002    -0.226831     -0.33274 
           5       0.0003         0.43      2.57447       5      0.04465   0.00328656    0.0437849      1.01976     0.263236     0.427944 
           5       0.0003         0.67      1.56929       6      0.05977   0.00463786    0.0620992     0.962492    -0.502225    -0.837536 
         6.5       0.0003         0.43      2.93535       7      0.05005   0.00440611    0.0452491       1.1061       1.0896      1.60901 
         6.5       0.0003         0.67      1.78927       8      0.06865   0.00562846    0.0617487      1.11176      1.22615      1.87325 
         8.5       0.0003         0.43       3.3567       9      0.03764   0.00738157     0.046274     0.813416     -1.16967     -1.26446 
         8.5       0.0003         0.67      2.04611      10      0.06919   0.00623517    0.0610263      1.13377       1.3093      1.87073 
          12       0.0003         0.67      2.43114      11      0.06314   0.00422849    0.0596574      1.05838     0.823603      2.87135 
         3.5        0.001         0.05      8.15475      12      0.01945   0.00345455    0.0183694      1.05883     0.312815     0.354221 
         3.5        0.001         0.08      6.34429      13      0.02203   0.00172313    0.0197836      1.11355      1.30368      2.30211 
         3.5        0.001         0.13      4.83974      14      0.02087   0.00149421    0.0204226      1.02191     0.299396     0.503844 
         3.5        0.001          0.2      3.74166      15      0.02188   0.00156576    0.0220671     0.991523    -0.119475    -0.200963 
         3.5        0.001         0.32      2.72718      16      0.02622   0.00181847    0.0271414     0.966052    -0.506692    -0.863287 
         3.5        0.001          0.5      1.87083      17      0.02897   0.00233312    0.0371614     0.779572     -3.51092     -4.57726 
         3.5        0.001          0.8     0.935414      18      0.04622   0.00460463    0.0570614     0.810005     -2.35445     -2.97772 
           5        0.001         0.08      7.58288      19      0.02777   0.00235128    0.0225066      1.23386      2.23851      3.10213 
           5        0.001         0.13      5.78459      20      0.02411   0.00180712    0.0239817      1.00535    0.0710066     0.113341 
           5        0.001          0.2      4.47214      21      0.02495   0.00180763    0.0256101     0.974224    -0.365189     -0.59088 
           5        0.001         0.32       3.2596      22      0.03026   0.00213392    0.0299096      1.01172     0.164217     0.274483 
           5        0.001          0.5      2.23607      23       0.0357   0.00241074    0.0395166     0.903417     -1.58318     -2.47092 
           5        0.001          0.8      1.11803      24      0.04197   0.00361722    0.0541033     0.775738     -3.35432     -5.36836 
         6.5        0.001         0.13      6.59545      25      0.02825   0.00227443     0.026169      1.07952     0.914963      1.26334 
         6.5        0.001          0.2      5.09902      26      0.03057   0.00231142    0.0279585      1.09341      1.12984      1.70549 
         6.5        0.001         0.32      3.71652      27      0.03104   0.00228329    0.0320509     0.968461    -0.442719    -0.649767 
         6.5        0.001          0.5      2.54951      28       0.0374   0.00266801    0.0408609       0.9153      -1.2972     -1.94785 
         6.5        0.001          0.8      1.27475      29      0.05006   0.00421902    0.0517783     0.966813    -0.407285    -0.644905 
         8.5        0.001         0.13      7.54219      30      0.03321    0.0033923    0.0276137      1.20267      1.64972      2.10428 
         8.5        0.001          0.2      5.83095      31      0.03233   0.00245878    0.0300274      1.07668     0.936481      1.35938 
         8.5        0.001         0.32         4.25      32      0.03332   0.00242573    0.0340872     0.977492    -0.316284    -0.472181 
         8.5        0.001          0.5      2.91548      33      0.03871   0.00292152    0.0419553     0.922649     -1.11083     -1.59753 
         8.5        0.001          0.8      1.45774      34      0.04488   0.00385942    0.0493772     0.908921     -1.16526     -1.64715 
          12        0.001          0.2       6.9282      35      0.03227   0.00177925    0.0318847      1.01209     0.216574     0.662372 
          12        0.001         0.32      5.04975      36       0.0365   0.00200318    0.0363462      1.00423    0.0767952     0.217066 
          12        0.001          0.5       3.4641      37      0.04438   0.00249596    0.0431491      1.02853     0.493157      1.21628 
          12        0.001          0.8      1.73205      38      0.05118   0.00331724    0.0463663      1.10382      1.45111      3.48108 
          15        0.001          0.2      7.74597      39      0.04107   0.00543786    0.0322542      1.27332      1.62118      1.82085 
          15        0.001         0.32      5.64579      40       0.0384    0.0020853    0.0374957      1.02412     0.433667      1.32271 
          15        0.001          0.5      3.87298      41      0.04522   0.00252666    0.0438302      1.03171     0.550073      1.44567 
          15        0.001          0.8      1.93649      42      0.04816   0.00308186    0.0445022      1.08219      1.18688      2.82269 
          20        0.001         0.32       6.5192      43      0.03892   0.00213316    0.0384258      1.01286     0.231693     0.661073 
          20        0.001          0.5      4.47214      44      0.04528   0.00251538    0.0445263      1.01693     0.299644     0.807437 
          20        0.001          0.8      2.23607      45       0.0451   0.00283987    0.0422197      1.06822      1.01425      2.37683 
          25        0.001         0.32      7.28869      46      0.05186    0.0128154     0.038517      1.34642      1.04117      1.07466 
          25        0.001          0.5            5      47      0.04764   0.00268353    0.0448752      1.06161      1.03027      2.81509 
          25        0.001          0.8          2.5      48      0.04499   0.00278502    0.0406756      1.10607      1.54913      3.56888 
          35        0.001          0.5      5.91608      49      0.04718    0.0028087    0.0450182      1.04802     0.769691      1.75073 
          35        0.001          0.8      2.95804      50      0.04344   0.00278897    0.0385164      1.12783       1.7654      3.72671 
          45        0.001          0.8       3.3541      51      0.04048   0.00285463    0.0370414      1.09283      1.20456       2.3102 
         3.5        0.003        0.017      14.2261      52      0.01604   0.00306133    0.0200446     0.800214     -1.30814     -1.44584 
         3.5        0.003        0.027      11.2307      53      0.01785   0.00140517    0.0206827      0.86304     -2.01592     -3.17836 
         3.5        0.003        0.043      8.82583      54      0.01585   0.00113933    0.0193814     0.817793     -3.09958     -4.51052 
         3.5        0.003        0.067      6.98132      55      0.01758    0.0012699    0.0178825     0.983084    -0.238203    -0.355705 
         3.5        0.003         0.11      5.32148      56      0.01841   0.00163487    0.0170909      1.07718      0.80683     0.988945 
         3.5        0.003         0.17      4.13379      57      0.01678    0.0015572     0.017623     0.952167    -0.541333    -0.655019 
         3.5        0.003         0.27      3.07619      58      0.02215    0.0024114    0.0202644      1.09305     0.781972     0.946483 
           5        0.003        0.027      13.4233      59      0.02143   0.00199449    0.0244019     0.878212     -1.49003     -1.98516 
           5        0.003        0.043      10.5489      60      0.02163   0.00166157    0.0237162     0.912035     -1.25555     -1.81175 
           5        0.003        0.067      8.34427      61      0.01994   0.00146053    0.0218592       0.9122     -1.31407     -1.90455 
           5        0.003         0.11      6.36039      62      0.01834   0.00133505    0.0205625     0.891914     -1.66476     -2.39466 
           5        0.003         0.17      4.94083      63      0.02068   0.00149784    0.0207222     0.997963   -0.0281827   -0.0414516 
           5        0.003         0.27      3.67675      64      0.02472   0.00174219    0.0229586      1.07672      1.01104      1.53815 
           5        0.003         0.43      2.57447      65      0.02922   0.00383306    0.0290712      1.00512    0.0388148    0.0455325 
         6.5        0.003        0.043      12.0276      66      0.02452   0.00208406    0.0265478     0.923617    -0.973009     -1.27231 
         6.5        0.003        0.067      9.51393      67       0.0206   0.00163235    0.0247478     0.832396     -2.54102     -3.38369 
         6.5        0.003         0.11      7.25196      68      0.02079   0.00162122    0.0231102     0.899605     -1.43112     -1.93393 
         6.5        0.003         0.17      5.63341      69       0.0188   0.00141363    0.0229106     0.820581     -2.90782     -3.97476 
         6.5        0.003         0.27      4.19214      70      0.02256   0.00166149    0.0249024     0.905937     -1.40981     -2.01696 
         6.5        0.003         0.43      2.93535      71      0.02785   0.00207665     0.030355     0.917476     -1.20629     -1.73361 
         8.5        0.003        0.043      13.7541      72      0.02783   0.00300886    0.0285499     0.974783    -0.239275     -0.28278 
         8.5        0.003        0.067      10.8796      73       0.0246   0.00197092    0.0274817      0.89514     -1.46213     -1.93501 
         8.5        0.003         0.11      8.29293      74      0.02097   0.00165025    0.0256393     0.817887     -2.82943      -3.8271 
         8.5        0.003         0.17      6.44205      75      0.02308   0.00172174    0.0250591     0.921024     -1.14945     -1.59782 
         8.5        0.003         0.27       4.7939      76      0.02265   0.00166057    0.0267624     0.846336      -2.4765     -3.49938 
         8.5        0.003         0.43       3.3567      77      0.03263    0.0023259    0.0316211       1.0319     0.433752     0.627857 
         8.5        0.003         0.67      2.04611      78      0.04341   0.00365496    0.0399204      1.08741     0.954748      1.24394 
          12        0.003        0.067      12.9269      79      0.02712   0.00155509    0.0301666     0.899007     -1.95912     -4.87964 
          12        0.003         0.11      9.85347      80      0.02698   0.00150678    0.0286745     0.940907     -1.12455     -2.82856 
          12        0.003         0.17       7.6543      81      0.02655   0.00147227    0.0276803     0.959167    -0.767712     -1.91733 
          12        0.003         0.27        5.696      82      0.02751    0.0015435    0.0289632     0.949825    -0.941512     -2.31655 
          12        0.003         0.43      3.98836      83      0.03388   0.00191624    0.0331776      1.02117     0.366529     0.884767 
          12        0.003         0.67      2.43114      84      0.04193   0.00242361    0.0391938      1.06981      1.12896      2.48603 
          15        0.003        0.067      14.4527      85      0.03764    0.0058291    0.0308591      1.21974      1.16329      1.27054 
          15        0.003         0.11      11.0165      86       0.0278    0.0015568    0.0303597     0.915687     -1.64423     -4.42493 
          15        0.003         0.17      8.55776      87      0.02732   0.00151053    0.0292452     0.934172     -1.27449     -3.41815 
          15        0.003         0.27      6.36832      88      0.02903    0.0015762    0.0302665     0.959145    -0.784508     -2.06617 
          15        0.003         0.43      4.45912      89      0.03449    0.0018957     0.034093      1.01165     0.209446     0.522729 
          15        0.003         0.67       2.7181      90      0.04031   0.00229023     0.038656      1.04279     0.722215      1.65193 
          20        0.003         0.11      12.7208      91      0.02754   0.00157364    0.0318887     0.863628     -2.76347     -6.92461 
          20        0.003         0.17      9.88165      92      0.02996   0.00165378    0.0310237     0.965714    -0.643176     -1.77515 
          20        0.003         0.27      7.35351      93      0.03194   0.00170842    0.0317896      1.00473     0.088056     0.245191 
          20        0.003         0.43      5.14894      94      0.03618   0.00196608    0.0351329       1.0298     0.532566      1.40382 
          20        0.003         0.67      3.13859      95      0.03927   0.00223667    0.0379189      1.03563     0.604081      1.42864 
          25        0.003         0.11      14.2223      96      0.03645   0.00775255    0.0322294      1.13096     0.544418     0.573756 
          25        0.003         0.17       11.048      97      0.03156   0.00171676    0.0321331     0.982164     -0.33384    -0.880879 
          25        0.003         0.27      8.22147      98      0.03205   0.00172981    0.0328371      0.97603    -0.455031     -1.27849 
          25        0.003         0.43      5.75669      99      0.03706   0.00200364    0.0358265      1.03443     0.615619      1.66417 
          25        0.003         0.67      3.50905     100      0.03909   0.00225268    0.0373746       1.0459     0.761479      1.82213 
          35        0.003         0.17      13.0722     101      0.03132   0.00179729    0.0330048     0.948954    -0.937391     -2.23358 
          35        0.003         0.27      9.72778     102       0.0333   0.00178178    0.0341504     0.975099     -0.47726     -1.27684 
          35        0.003         0.43      6.81141     103      0.03691   0.00201692    0.0367329      1.00482    0.0877904     0.224161 
          35        0.003         0.67      4.15196     104      0.03975   0.00237371    0.0365986      1.08611      1.32761      3.19168 
          45        0.003         0.27      11.0303     105      0.03306   0.00184337    0.0347853     0.950402    -0.935927     -2.15578 
          45        0.003         0.43      7.72342     106      0.03872   0.00213522    0.0372506      1.03945     0.688164      1.67386 
          45        0.003         0.67      4.70788     107      0.03844    0.0023571    0.0360134      1.06738      1.02947      2.22905 
          60        0.003         0.43      8.91823     108      0.03776   0.00214967    0.0376345      1.00333    0.0583756      0.12351 
          60        0.003         0.67       5.4362     109      0.03728   0.00233559    0.0353225      1.05542      0.83813      1.68595 
          90        0.003         0.67      6.65795     110      0.03532   0.00279854    0.0342974      1.02982     0.365414     0.546189 
         3.5         0.01        0.005      26.3913     111      0.02678   0.00469644    0.0211281      1.26751      1.20345      1.32393 
         3.5         0.01        0.008      20.8327     112      0.02007   0.00179512    0.0219607     0.913906     -1.05323     -1.40228 
         3.5         0.01        0.013      16.3013     113      0.01938   0.00170984    0.0209323      0.92584    -0.907892     -1.17897 
         3.5         0.01         0.02      13.0958     114      0.01632   0.00133824    0.0195088     0.836544     -2.38285      -3.1272 
         3.5         0.01        0.032      10.2896     115      0.01795   0.00195235    0.0177621      1.01058    0.0962278     0.112469 
         3.5         0.01         0.05      8.15475     116      0.01554   0.00173687    0.0161293     0.963462    -0.339313    -0.388848 
         3.5         0.01         0.08      6.34429     117      0.01729    0.0021598    0.0147638      1.17111      1.16967      1.32756 
           5         0.01        0.008      24.8998     118      0.02647   0.00258527    0.0266922     0.991677     -0.08593    -0.111584 
           5         0.01        0.013      19.4837     119      0.02361   0.00206247    0.0262881     0.898126     -1.29848     -1.70038 
           5         0.01         0.02      15.6525     120      0.02137   0.00179762    0.0244961     0.872385     -1.73899     -2.26665 
           5         0.01        0.032      12.2984     121         0.02   0.00165263    0.0221177     0.904251     -1.28144     -1.67401 
           5         0.01         0.05      9.74679     122      0.01922   0.00158888    0.0198506     0.968235    -0.396857    -0.518665 
           5         0.01         0.08      7.58288     123      0.01657   0.00147399    0.0178611     0.927712    -0.875959     -1.13119 
         6.5         0.01        0.013      22.2149     124      0.02516   0.00226594     0.029944     0.840236     -2.11126     -2.66513 
         6.5         0.01         0.02      17.8466     125      0.02356   0.00203668    0.0282212     0.834834     -2.28862      -2.8589 
         6.5         0.01        0.032      14.0223     126       0.0227   0.00187944    0.0254463     0.892074     -1.46124     -1.87848 
         6.5         0.01         0.05      11.1131     127      0.02205   0.00191048    0.0227051     0.971146    -0.342914     -0.43533 
         6.5         0.01         0.08      8.64581     128      0.01938   0.00155524    0.0202114     0.958865    -0.534585    -0.719312 
         6.5         0.01         0.13      6.59545     129      0.01757   0.00148225    0.0190352     0.923029    -0.988467       -1.258 
         8.5         0.01        0.013      25.4037     130      0.03654   0.00394361    0.0327623      1.11531     0.957939      1.12636 
         8.5         0.01         0.02      20.4083     131      0.03174   0.00265746    0.0318393     0.996881   -0.0373673   -0.0496855 
         8.5         0.01        0.032      16.0351     132      0.03085   0.00240373     0.028857      1.06906     0.829108      1.11982 
         8.5         0.01         0.05      12.7083     133      0.02431   0.00194267    0.0256596     0.947403    -0.694719    -0.909621 
         8.5         0.01         0.08      9.88686     134      0.02142   0.00168811    0.0226347     0.946335    -0.719552    -0.973534 
         8.5         0.01         0.13      7.54219     135      0.01919   0.00155249    0.0210121     0.913284     -1.17365     -1.55571 
         8.5         0.01          0.2      5.83095     136      0.01961   0.00173269    0.0209321      0.93684    -0.763017    -0.940362 
          12         0.01         0.02      24.2487     137      0.03014   0.00194421    0.0355555      0.84769     -2.78543     -4.69432 
          12         0.01        0.032      19.0526     138      0.02966   0.00188288    0.0330663     0.896986     -1.80907     -3.08703 
          12         0.01         0.05      15.0997     139      0.02732    0.0017153      0.02944     0.927991     -1.23591     -2.13176 
          12         0.01         0.08      11.7473     140      0.02545   0.00159322     0.025758     0.988042    -0.193332    -0.332494 
          12         0.01         0.13      8.96146     141      0.02165   0.00136807    0.0235175      0.92059     -1.36507     -2.31867 
          12         0.01          0.2       6.9282     142      0.02283   0.00150609    0.0229527     0.994656   -0.0814422    -0.127886 
          12         0.01         0.32      5.04975     143       0.0242   0.00173786    0.0245886     0.984198    -0.223581    -0.316038 
          15         0.01         0.02      27.1109     144      0.03639   0.00584544    0.0366757     0.992211   -0.0488688   -0.0543083 
          15         0.01        0.032      21.3014     145      0.03226   0.00198524    0.0354575     0.909821     -1.61065     -3.07793 
          15         0.01         0.05      16.8819     146      0.03067   0.00186281    0.0317916      0.96472    -0.602113     -1.16465 
          15         0.01         0.08      13.1339     147      0.02573   0.00156213    0.0277408     0.927514     -1.28723     -2.47136 
          15         0.01         0.13      10.0192     148      0.02381   0.00142064     0.025094     0.948834    -0.903791     -1.79751 
          15         0.01          0.2      7.74597     149      0.02299   0.00138284    0.0241969      0.95012      -0.8728     -1.71506 
          15         0.01         0.32      5.64579     150      0.02456   0.00148563    0.0255666     0.960628    -0.677558     -1.24946 
          20         0.01        0.032      24.5967     151      0.03445   0.00225325    0.0376553     0.914878     -1.42252      -2.3437 
          20         0.01         0.05      19.4936     152      0.03209   0.00200479    0.0345607     0.928513     -1.23237     -2.29137 
          20         0.01         0.08      15.1658     153      0.02971   0.00185348    0.0301965     0.983887    -0.262502    -0.467898 
          20         0.01         0.13      11.5692     154      0.02658   0.00159878    0.0270585     0.982316    -0.299298    -0.569296 
          20         0.01          0.2      8.94427     155      0.02542   0.00156328    0.0257179     0.988415    -0.190588     -0.34638 
          20         0.01         0.32       6.5192     156      0.02663   0.00158129    0.0267173     0.996733   -0.0552035    -0.108426 
          20         0.01          0.5      4.47214     157       0.0287   0.00179576    0.0295955     0.969741     -0.49869    -0.857212 
          25         0.01        0.032         27.5     158      0.03306   0.00700256    0.0381128     0.867425    -0.721563     -0.77209 
          25         0.01         0.05      21.7945     159      0.03307   0.00205513    0.0363307     0.910249     -1.58661     -3.06188 
          25         0.01         0.08      16.9558     160      0.03202   0.00196734    0.0319765      1.00136    0.0221023    0.0429433 
          25         0.01         0.13      12.9347     161      0.02889   0.00176584    0.0285276      1.01271     0.205255      0.38959 
          25         0.01          0.2           10     162      0.02686   0.00160891    0.0268413       1.0007     0.011605    0.0234198 
          25         0.01         0.32      7.28869     163      0.02769   0.00168773    0.0275313      1.00576    0.0940041     0.181187 
          25         0.01          0.5            5     164      0.03028   0.00186216    0.0299442      1.01122     0.180346     0.327766 
          25         0.01          0.8          2.5     165      0.02928   0.00259966    0.0267024      1.09653     0.991506      1.26616 
          35         0.01         0.05      25.7876     166      0.03551   0.00235279     0.037733     0.941086    -0.944843     -1.56506 
          35         0.01         0.08      20.0624     167      0.03243   0.00208765    0.0342813     0.945996    -0.886796     -1.49147 
          35         0.01         0.13      15.3046     168      0.03161   0.00190816    0.0306073      1.03276     0.525486      1.01072 
          35         0.01          0.2      11.8322     169      0.02963   0.00178298    0.0284573      1.04121     0.657739      1.20828 
          35         0.01         0.32      8.62409     170      0.02729   0.00173908    0.0286687     0.951909    -0.792781     -1.55688 
          35         0.01          0.5      5.91608     171      0.03171   0.00195602    0.0303987      1.04314     0.670371      1.16449 
          35         0.01          0.8      2.95804     172       0.0284   0.00194224    0.0252981      1.12261      1.59708      2.53936 
          45         0.01         0.08      22.7486     173      0.03368    0.0022267    0.0354736     0.949438    -0.805496     -1.27962 
          45         0.01         0.13      17.3538     174      0.03212   0.00196694    0.0319777      1.00445    0.0723338     0.130904 
          45         0.01          0.2      13.4164     175      0.02994   0.00183808    0.0295656      1.01267     0.203717     0.366419 
          45         0.01         0.32       9.7788     176       0.0291   0.00183168     0.029423     0.989021    -0.176365    -0.333503 
          45         0.01          0.5       6.7082     177      0.03255   0.00203144    0.0306539      1.06186     0.933386      1.57901 
          45         0.01          0.8       3.3541     178      0.02606   0.00181019     0.024348      1.07032     0.945775      1.46171 
          60         0.01         0.13      20.0384     179      0.03316   0.00216228    0.0332379     0.997658   -0.0360059   -0.0575391 
          60         0.01          0.2      15.4919     180      0.03013    0.0018683    0.0306977     0.981506     -0.30387    -0.566066 
          60         0.01         0.32      11.2916     181      0.03138   0.00191238    0.0301906       1.0394     0.621935      1.13867 
          60         0.01          0.5      7.74597     182      0.03225   0.00210714    0.0308567      1.04515     0.661235      1.19825 
          60         0.01          0.8      3.87298     183      0.02516   0.00168685    0.0233061      1.07955      1.09905       1.8698 
          90         0.01          0.2      18.9737     184      0.03061   0.00225353    0.0319125     0.959186    -0.577973    -0.837555 
          90         0.01         0.32      13.8293     185      0.03095    0.0020427    0.0310848     0.995664   -0.0659884    -0.101257 
          90         0.01          0.5      9.48683     186      0.03039   0.00196222    0.0309918     0.980582    -0.306696    -0.513015 
          90         0.01          0.8      4.74342     187      0.02396   0.00165965    0.0219135      1.09339      1.23306      1.96725 
         200         0.01         0.32      20.6155     188       0.0321   0.00374182    0.0318927       1.0065    0.0553957    0.0945933 
         200         0.01          0.5      14.1421     189       0.0315   0.00365481     0.030852        1.021     0.177301     0.321076 
         200         0.01          0.8      7.07107     190       0.0211   0.00261938    0.0194427      1.08524     0.632714     0.904739 
         400         0.01          0.8           10     191       0.0196   0.00335813    0.0175831       1.1147     0.600588     0.746814 
         3.5         0.03       0.0017      45.3357     192      0.01919   0.00592328    0.0234951     0.816765    -0.726816    -0.764447 
         3.5         0.03       0.0027      35.9555     193      0.02575   0.00522788    0.0242494      1.06188     0.287037     0.324375 
         3.5         0.03       0.0043      28.4685     194      0.02418   0.00463928    0.0234579      1.03078     0.155647     0.174805 
         3.5         0.03       0.0067      22.7791     195       0.0203   0.00379273    0.0222901     0.910719    -0.524712    -0.580043 
         3.5         0.03        0.011      17.7393     196      0.01811   0.00349429    0.0208419     0.868923    -0.781817    -0.856205 
           5         0.03       0.0027       42.975     197      0.03776   0.00974164    0.0298548      1.26479     0.811488     0.992781 
           5         0.03       0.0043      34.0263     198      0.03206   0.00619605    0.0296654      1.08072     0.386471     0.418833 
           5         0.03       0.0067      27.2262     199      0.02984   0.00538965    0.0281214      1.06111     0.318875     0.357118 
           5         0.03        0.011      21.2025     200      0.02269   0.00437252    0.0259837     0.873239    -0.753275    -0.818542 
           5         0.03        0.017      17.0035     201      0.02157   0.00402192    0.0240106     0.898355    -0.606813    -0.677629 
         6.5         0.03       0.0027      48.9991     202      0.04277    0.0151513     0.032401      1.32002     0.684363     0.710634 
         6.5         0.03       0.0043       38.796     203      0.02261   0.00463637    0.0340769       0.6635     -2.47324     -2.74489 
         6.5         0.03       0.0067      31.0427     204      0.02536   0.00483053    0.0326213     0.777406     -1.50321      -1.6595 
         6.5         0.03        0.011      24.1746     205      0.02534   0.00485967    0.0300335     0.843725    -0.965802     -1.06476 
         6.5         0.03        0.017      19.3869     206      0.02571   0.00471461    0.0275644     0.932724    -0.393337    -0.423226 
         6.5         0.03        0.027      15.3049     207      0.02512   0.00453129     0.024913      1.00831    0.0456835    0.0505153 
         6.5         0.03        0.043      12.0276     208      0.02256   0.00413931    0.0222982      1.01174    0.0632379    0.0689356 
         8.5         0.03       0.0043      44.3649     209      0.03435     0.008582    0.0376289     0.912861    -0.382071    -0.414071 
         8.5         0.03       0.0067      35.4987     210      0.02474    0.0048734    0.0370929     0.666975     -2.53475     -2.68441 
         8.5         0.03        0.011      27.6447     211      0.03042   0.00532993    0.0342613     0.887883      -0.7207    -0.784982 
         8.5         0.03        0.017      22.1698     212      0.02617   0.00458692    0.0313046      0.83598     -1.11939     -1.23747 
         8.5         0.03        0.027      17.5019     213      0.02631   0.00449416    0.0281011     0.936261    -0.398548    -0.443433 
         8.5         0.03        0.043      13.7541     214      0.02782   0.00514783    0.0249632      1.11444     0.554956     0.603211 
          12         0.03       0.0067      42.1787     215      0.03331   0.00767562     0.041901      0.79497     -1.11925     -1.17621 
          12         0.03        0.011      32.8468     216      0.03641   0.00650038    0.0396252      0.91886    -0.494618    -0.528861 
          12         0.03        0.017      26.3416     217      0.03224   0.00582296    0.0361964     0.890696    -0.679453    -0.754449 
          12         0.03        0.027      20.7953     218      0.03637   0.00648305    0.0322904      1.12634     0.629276     0.695756 
          12         0.03        0.043      16.3423     219      0.02906   0.00547185    0.0284479      1.02152      0.11186     0.120106 
          12         0.03        0.067      12.9269     220      0.02413   0.00451985    0.0250845      0.96195    -0.211174    -0.225206 
          15         0.03       0.0067      47.1572     221      0.04792   0.00997542    0.0435907      1.09932     0.433992     0.465632 
          15         0.03        0.011      36.7238     222      0.03531   0.00553455    0.0428004     0.824992     -1.35339     -1.55335 
          15         0.03        0.017      29.4509     223      0.03527   0.00516293    0.0393164      0.89708    -0.783749    -0.912897 
          15         0.03        0.027      23.2499     224      0.03085   0.00465263    0.0350082     0.881222     -0.89373      -1.0141 
          15         0.03        0.043      18.2712     225      0.02592    0.0040625    0.0307063     0.844127     -1.17816     -1.37688 
          15         0.03        0.067      14.4527     226      0.02366   0.00354971    0.0269289     0.878609    -0.920898      -1.0459 
          15         0.03         0.11      11.0165     227      0.02278   0.00357486    0.0237976      0.95724    -0.284649     -0.32533 
          20         0.03        0.011       42.405     228      0.03178   0.00561068    0.0459648     0.691398     -2.52819     -2.85229 
          20         0.03        0.017      34.0069     229      0.03851   0.00609639    0.0430947     0.893613     -0.75204    -0.849577 
          20         0.03        0.027      26.8466     230      0.03118   0.00456071    0.0384479     0.810968     -1.59358     -1.79702 
          20         0.03        0.043      21.0978     231      0.02917   0.00425242    0.0335825     0.868606     -1.03765     -1.17362 
          20         0.03        0.067      16.6885     232      0.02773   0.00405503    0.0292672     0.947476    -0.379095    -0.428759 
          20         0.03         0.11      12.7208     233      0.02288   0.00347535    0.0256127     0.893308    -0.786302    -0.889304 
          25         0.03        0.011      47.4102     234      0.03729     0.010915    0.0470117     0.793207     -0.89067    -0.930306 
          25         0.03        0.017      38.0209     235      0.03875   0.00622405    0.0456141     0.849518     -1.10284     -1.24385 
          25         0.03        0.027      30.0154     236      0.03755    0.0055664    0.0410063     0.915713    -0.620921    -0.701409 
          25         0.03        0.043       23.588     237      0.02978   0.00430895    0.0357692     0.832561     -1.38993     -1.53683 
          25         0.03        0.067      18.6584     238      0.02655   0.00418405    0.0310438     0.855244     -1.07403     -1.23045 
          25         0.03         0.11      14.2223     239      0.02491    0.0037591     0.026988     0.923003    -0.552792    -0.638081 
          25         0.03         0.17       11.048     240      0.02562     0.003895    0.0244814      1.04651      0.29233     0.336437 
          35         0.03        0.017      44.9869     241      0.05337    0.0108338    0.0479077      1.11402     0.504186     0.539748 
          35         0.03        0.027      35.5147     242      0.04213   0.00639252    0.0444432     0.947952    -0.361858    -0.399118 
          35         0.03        0.043      27.9097     243      0.04063   0.00618738    0.0389194      1.04395     0.276459     0.301174 
          35         0.03        0.067      22.0769     244      0.03063   0.00470467    0.0336361     0.910628    -0.638963    -0.723341 
          35         0.03         0.11       16.828     245      0.02992   0.00459825    0.0290046      1.03156     0.199085     0.228141 
          35         0.03         0.17      13.0722     246      0.02493   0.00390741    0.0260001     0.958841    -0.273877    -0.310538 
          35         0.03         0.27      9.72778     247       0.0284   0.00442138    0.0248586      1.14246      0.80098     0.923186 
          45         0.03        0.027      40.2699     248      0.05064   0.00916318    0.0463458      1.09265     0.468632     0.499607 
          45         0.03        0.043      31.6467     249      0.04048   0.00628966    0.0410669     0.985709   -0.0933087    -0.100961 
          45         0.03        0.067      25.0328     250      0.03804   0.00646311    0.0354726      1.07238     0.397235     0.439285 
          45         0.03         0.11      19.0812     251      0.02427    0.0039952    0.0304326       0.7975     -1.54251     -1.74615 
          45         0.03         0.17      14.8225     252      0.02521   0.00413698    0.0270692     0.931317    -0.449411    -0.517856 
          45         0.03         0.27      11.0303     253      0.02092   0.00342916    0.0255907     0.817486     -1.36204      -1.5414 
          60         0.03        0.043      36.5424     254        0.039   0.00742097    0.0430858      0.90517    -0.550578    -0.592042 
          60         0.03        0.067      28.9054     255      0.03913   0.00632334    0.0373926      1.04646     0.274763     0.300502 
          60         0.03         0.11       22.033     256      0.02613   0.00422006    0.0319722     0.817272      -1.3844     -1.52774 
          60         0.03         0.17      17.1155     257      0.02548    0.0043259    0.0282175     0.902986    -0.632818    -0.749189 
          60         0.03         0.27      12.7366     258      0.02165   0.00443614    0.0263643     0.821186     -1.06271     -1.19426 
          60         0.03         0.43      8.91823     259      0.02698   0.00474403    0.0263478      1.02399     0.133256     0.158926 
          90         0.03        0.067      35.4017     260      0.03286    0.0130657    0.0396219     0.829339    -0.517534    -0.528286 
          90         0.03         0.11      26.9848     261      0.03379   0.00657396      0.03391      0.99646   -0.0182607    -0.019213 
          90         0.03         0.17      20.9622     262      0.03622   0.00621656    0.0296761      1.22051      1.05265      1.16019 
          90         0.03         0.27      15.5991     263      0.02668    0.0044977    0.0273283     0.976276    -0.144148    -0.157476 
          90         0.03         0.43      10.9226     264      0.03214    0.0056432    0.0267175      1.20296     0.960891      1.04504 
          90         0.03         0.67      6.65795     265      0.02818   0.00735714    0.0233435      1.20719     0.657382     0.699192 
         200         0.03         0.11      40.2266     266       0.0361   0.00587732      0.03623     0.996411   -0.0221214   -0.0288629 
         200         0.03         0.17      31.2485     267       0.0331   0.00525217    0.0318919      1.03788     0.230014     0.301798 
         200         0.03         0.27      23.2538     268       0.0283   0.00434421    0.0288207     0.981935     -0.11985     -0.14957 
         200         0.03         0.43      16.2824     269       0.0309   0.00474765    0.0271416      1.13847     0.791627     0.981846 
         200         0.03         0.67      9.92509     270       0.0297   0.00505179    0.0220087      1.34946      1.52248      1.95731 
         400         0.03         0.27      32.8859     271       0.0322   0.00552584    0.0295454      1.08985     0.480405     0.612839 
         400         0.03         0.43      23.0268     272       0.0293   0.00466459    0.0272558        1.075     0.438247     0.533821 
         400         0.03         0.67      14.0362     273       0.0289   0.00502204    0.0209141      1.38184      1.59017      2.01958 
         800         0.03         0.43      32.5648     274       0.0391   0.00797918    0.0271006      1.44277      1.50384      1.78732 
         800         0.03         0.67      19.8502     275       0.0228   0.00502273    0.0199468      1.14304     0.568055     0.682318 
        1600         0.03         0.67      28.0724     276       0.0214   0.00702497    0.0191873      1.11532     0.314974     0.344345 
