          Q2           xp         beta           mx   iData         Data       ErrTot       Theory        Ratio         Pull      PullUnc 
         2.5         0.05       0.0018      37.2342       0      0.02431   0.00909431    0.0208346      1.16681     0.382156     0.719656 
         2.5        0.075       0.0018      37.2342       1     0.036686    0.0112624    0.0238362      1.53909      1.14095      2.24414 
         2.5         0.09       0.0018      37.2342       2     0.028288   0.00938454    0.0257868        1.097     0.266524      0.52087 
         2.5       0.0085       0.0056      21.0696       3     0.022321    0.0094179    0.0167003      1.33656      0.59681      1.14697 
         2.5        0.016       0.0056      21.0696       4     0.020553   0.00525542     0.016978      1.21056     0.680244      1.25657 
         2.5        0.025       0.0056      21.0696       5     0.021216   0.00734392    0.0172175      1.23224     0.544465      1.00447 
         2.5        0.035       0.0056      21.0696       6      0.02431   0.00923236    0.0178902      1.35885     0.695362      1.25187 
         2.5         0.05       0.0056      21.0696       7     0.025857   0.00581259    0.0193698      1.33492      1.11607      2.14349 
         2.5        0.075       0.0056      21.0696       8     0.031603    0.0104509    0.0224681      1.40657      0.87408      1.62348 
         2.5         0.09       0.0056      21.0696       9     0.034034    0.0101815    0.0245181      1.38812     0.934629      1.71446 
         2.5       0.0025       0.0178      11.7452      10     0.021879   0.00659909    0.0163405      1.33894     0.839283      1.62645 
         2.5       0.0085       0.0178      11.7452      11     0.016796   0.00348467    0.0154922      1.08416     0.374146     0.710685 
         2.5        0.016       0.0178      11.7452      12     0.016133   0.00367075      0.01493      1.08058     0.327732     0.594199 
         2.5        0.025       0.0178      11.7452      13     0.015691   0.00376679    0.0151737      1.03409     0.137329     0.258952 
         2.5        0.035       0.0178      11.7452      14     0.020995    0.0120118    0.0159328      1.31772     0.421437     0.738494 
         2.5         0.05       0.0178      11.7452      15     0.025194   0.00504723    0.0175343      1.43684      1.51761      2.88248 
         2.5        0.075       0.0178      11.7452      16     0.027183   0.00666255    0.0207951      1.30718     0.958779      1.74268 
         2.5       0.0009       0.0562      6.47951      17     0.025194   0.00724326    0.0160455      1.57016      1.26304      2.32963 
         2.5       0.0025       0.0562      6.47951      18     0.016354   0.00342209    0.0149467      1.09415      0.41124     0.788907 
         2.5       0.0085       0.0562      6.47951      19     0.014144   0.00316456    0.0127153      1.11236      0.45147      0.86284 
         2.5        0.016       0.0562      6.47951      20     0.015028   0.00403669    0.0123237      1.21944     0.669921      1.27243 
         2.5        0.025       0.0562      6.47951      21     0.013923   0.00486234    0.0126708      1.09882     0.257523     0.454241 
         2.5       0.0003        0.178      3.39779      22     0.034476   0.00689908    0.0203939       1.6905      2.04115      3.95613 
         2.5       0.0009        0.178      3.39779      23     0.022542   0.00339772    0.0181013      1.24533      1.30698      2.69836 
         2.5       0.0025        0.178      3.39779      24     0.015028   0.00299634    0.0151714     0.990551   -0.0478434   -0.0936793 
         2.5       0.0085        0.178      3.39779      25     0.016354   0.00424808    0.0126136      1.29654     0.880491      1.67481 
         2.5        0.016        0.178      3.39779      26     0.025636   0.00891949    0.0119834      2.13929      1.53065      2.73105 
         2.5       0.0003        0.562      1.39585      27     0.047294    0.0155836    0.0482273     0.980647   -0.0598923    -0.108074 
         2.5       0.0009        0.562      1.39585      28     0.038012    0.0202654    0.0393415     0.966207   -0.0656029    -0.117236 
         2.5       0.0025        0.562      1.39585      29      0.02431    0.0150767    0.0325711     0.746367    -0.547938    -0.970923 
         5.1         0.05       0.0018      53.1811      30     0.043979   0.00686453    0.0332715      1.32182      1.55983      4.12659 
         5.1        0.075       0.0018      53.1811      31     0.051272   0.00763178     0.036756      1.39493      1.90204      4.22563 
         5.1        0.016       0.0056      30.0934      32     0.029835   0.00376855    0.0281632      1.05936      0.44363      1.42012 
         5.1        0.025       0.0056      30.0934      33      0.02652   0.00296135    0.0289867     0.914901    -0.832978     -2.72513 
         5.1        0.035       0.0056      30.0934      34     0.029614    0.0032282    0.0293635      1.00853    0.0775845     0.209096 
         5.1         0.05       0.0056      30.0934      35     0.032487   0.00407618    0.0303155      1.07163     0.532719      1.69394 
         5.1        0.075       0.0056      30.0934      36      0.03978   0.00616628    0.0327233      1.21565      1.14441      3.03426 
         5.1         0.09       0.0056      30.0934      37     0.049504    0.0119638    0.0344408      1.43736      1.25906      2.41738 
         5.1       0.0085       0.0178      16.7755      38      0.02652   0.00411231    0.0256428      1.03421     0.213315      1.25742 
         5.1        0.016       0.0178      16.7755      39     0.024531   0.00265989    0.0244001      1.00536    0.0492027     0.204589 
         5.1        0.025       0.0178      16.7755      40     0.024089   0.00261773    0.0239912      1.00408    0.0373724     0.133533 
         5.1        0.035       0.0178      16.7755      41     0.022321   0.00272289    0.0242632     0.919953    -0.713289     -2.00413 
         5.1         0.05       0.0178      16.7755      42     0.029614   0.00354763    0.0253701      1.16728      1.19627      3.30779 
         5.1        0.075       0.0178      16.7755      43     0.034034   0.00508897    0.0280889      1.21165      1.16824      2.58116 
         5.1       0.0025       0.0562      9.25458      44     0.023647   0.00258997    0.0232569      1.01678     0.150633     0.685053 
         5.1       0.0085       0.0562      9.25458      45     0.019448   0.00214819    0.0198809     0.978227      -0.2015    -0.819304 
         5.1        0.016       0.0562      9.25458      46     0.019448   0.00215855    0.0187308      1.03829     0.332245      1.14735 
         5.1        0.025       0.0562      9.25458      47     0.018564    0.0023112    0.0185875     0.998734    -0.010185   -0.0278434 
         5.1         0.05       0.0562      9.25458      48     0.020995   0.00766999    0.0202972      1.03438    0.0909767     0.161218 
         5.1        0.075       0.0562      9.25458      49     0.033813    0.0159015     0.023086      1.46465     0.674589      1.17822 
         5.1       0.0009        0.178      4.85301      50     0.026741   0.00775383    0.0255611      1.04616     0.152168     0.332813 
         5.1       0.0025        0.178      4.85301      51     0.026078     0.003162    0.0216757       1.2031      1.39226      10.4694 
         5.1       0.0085        0.178      4.85301      52     0.020995   0.00233668    0.0178221      1.17803      1.35787      5.31334 
         5.1        0.016        0.178      4.85301      53     0.016575   0.00547552    0.0166203     0.997274  -0.00827431    -0.014824 
         5.1        0.025        0.178      4.85301      54     0.023647   0.00807336    0.0163105       1.4498     0.908724      1.68753 
         5.1        0.035        0.178      4.85301      55     0.014365   0.00622237    0.0165158     0.869774    -0.345655    -0.613295 
         5.1       0.0003        0.562      1.99367      56     0.060775    0.0169467    0.0539446      1.12662     0.403048     0.731209 
         5.1       0.0009        0.562      1.99367      57     0.041327   0.00852379    0.0441431     0.936205    -0.330385    -0.641032 
         5.1       0.0025        0.562      1.99367      58     0.033813   0.00466717    0.0365457     0.925226    -0.585505     -5.75794 
         5.1       0.0085        0.562      1.99367      59     0.030277    0.0142312    0.0293884      1.03024    0.0624386     0.109223 
         8.8        0.075       0.0018      69.8576      60     0.063648    0.0145515     0.046368      1.37267      1.18751      2.26244 
         8.8        0.025       0.0056      39.5301      61     0.033592   0.00429846    0.0370985     0.905482    -0.815752     -2.06147 
         8.8        0.035       0.0056      39.5301      62     0.037791    0.0047944    0.0387777     0.974554    -0.205811     -0.49836 
         8.8         0.05       0.0056      39.5301      63     0.043537   0.00484632    0.0400328      1.08753     0.723068      1.88409 
         8.8        0.075       0.0056      39.5301      64     0.046852   0.00673676    0.0423522      1.10625     0.667953      1.60028 
         8.8         0.09       0.0056      39.5301      65     0.062101    0.0136341    0.0439901       1.4117      1.32835      2.76163 
         8.8       0.0085       0.0178      22.0359      66     0.028288   0.00364674    0.0324938     0.870567      -1.1533     -3.46135 
         8.8        0.016       0.0178      22.0359      67     0.027404   0.00281968    0.0322251     0.850393      -1.7098     -5.57165 
         8.8        0.025       0.0178      22.0359      68     0.029393   0.00307196    0.0315523     0.931566    -0.702893     -2.12776 
         8.8        0.035       0.0178      22.0359      69      0.02873   0.00334183    0.0315381     0.910962    -0.840286     -2.15873 
         8.8         0.05       0.0178      22.0359      70     0.035139   0.00378051    0.0323544      1.08607     0.736568      2.01674 
         8.8        0.075       0.0178      22.0359      71     0.035802    0.0048609     0.034803      1.02871     0.205525     0.476809 
         8.8         0.09       0.0178      22.0359      72      0.04862    0.0105445    0.0365929      1.32867      1.14061      2.21201 
         8.8       0.0025       0.0562      12.1566      73     0.027625   0.00325436    0.0281471     0.981452     -0.16042    -0.552024 
         8.8       0.0085       0.0562      12.1566      74     0.023426   0.00251532    0.0257272     0.910555    -0.914864     -3.01717 
         8.8        0.016       0.0562      12.1566      75     0.023868   0.00256334    0.0240401      0.99284   -0.0671466    -0.248077 
         8.8        0.025       0.0562      12.1566      76     0.021658   0.00244831    0.0235344     0.920269    -0.766413     -2.38375 
         8.8        0.035       0.0562      12.1566      77     0.024089   0.00308066    0.0237484      1.01434     0.110567     0.271923 
         8.8         0.05       0.0562      12.1566      78     0.031824   0.00416846    0.0247766      1.28444      1.69064      4.24452 
         8.8        0.075       0.0562      12.1566      79      0.03094   0.00675414    0.0273576      1.13095     0.530396     0.980343 
         8.8       0.0009        0.178      6.37481      80     0.039117   0.00655008    0.0296665      1.31856       1.4428      2.96085 
         8.8       0.0025        0.178      6.37481      81     0.028509   0.00293906    0.0261603      1.08978     0.799135      3.52897 
         8.8       0.0085        0.178      6.37481      82     0.022984   0.00227843    0.0214789      1.07007     0.660572       2.4893 
         8.8        0.016        0.178      6.37481      83      0.01989   0.00239111    0.0198868      1.00016   0.00132359   0.00401577 
         8.8        0.025        0.178      6.37481      84     0.021658   0.00781377    0.0193325      1.12029     0.297616      0.54232 
         8.8        0.035        0.178      6.37481      85     0.022763   0.00827428    0.0193708      1.17512     0.409975      0.73598 
         8.8         0.05        0.178      6.37481      86     0.025636   0.00686633     0.020013      1.28097     0.818928      1.50329 
         8.8       0.0003        0.562      2.61885      87      0.05525    0.0113513    0.0555913      0.99386   -0.0300702    -0.074892 
         8.8       0.0009        0.562      2.61885      88     0.045747   0.00752076    0.0458666     0.997393      -0.0159   -0.0395824 
         8.8       0.0025        0.562      2.61885      89     0.036686   0.00578151    0.0379891     0.965698    -0.225393     -2.21572 
         8.8       0.0085        0.562      2.61885      90     0.031382    0.0065994    0.0305264      1.02803     0.129644     0.286204 
         8.8        0.016        0.562      2.61885      91     0.022542   0.00858566    0.0275604     0.817914    -0.584506     -1.04025 
        15.3         0.05       0.0056      52.1233      92     0.054145   0.00811453    0.0489605      1.10589      0.63892      1.35782 
        15.3        0.075       0.0056      52.1233      93     0.065416    0.0134549    0.0523432      1.24975     0.971606      1.99842 
        15.3        0.016       0.0178       29.056      94     0.038896   0.00488992    0.0391744     0.992894   -0.0569259    -0.147535 
        15.3        0.025       0.0178       29.056      95     0.036244   0.00430694    0.0392421       0.9236     -0.69611     -1.85665 
        15.3        0.035       0.0178       29.056      96     0.036465     0.004779    0.0391768     0.930779     -0.56745     -1.28107 
        15.3         0.05       0.0178       29.056      97     0.038896   0.00488311    0.0397832     0.977699    -0.181686    -0.447587 
        15.3        0.075       0.0178       29.056      98     0.046631   0.00708055    0.0419715      1.11102     0.658074      1.42312 
        15.3         0.09       0.0178       29.056      99     0.051714     0.010362    0.0436556      1.18459     0.777679      1.53868 
        15.3       0.0085       0.0562      16.0294     100     0.029614   0.00462396    0.0314854     0.940562    -0.404727     -1.40432 
        15.3        0.016       0.0562      16.0294     101     0.026962   0.00309171    0.0294847     0.914441    -0.815949     -2.39201 
        15.3        0.025       0.0562      16.0294     102     0.024973   0.00287819    0.0286418     0.871908     -1.27468     -3.25742 
        15.3        0.035       0.0562      16.0294     103     0.026741   0.00376925    0.0286112     0.934632    -0.496186     -1.12805 
        15.3         0.05       0.0562      16.0294     104      0.03094   0.00415461    0.0294073      1.05212     0.368906     0.853318 
        15.3        0.075       0.0562      16.0294     105     0.038454   0.00614687    0.0317655      1.21056      1.08811      2.25075 
        15.3         0.09       0.0562      16.0294     106     0.035802   0.00746547    0.0334783      1.06941     0.311254     0.610665 
        15.3       0.0025        0.178      8.40566     107     0.030056   0.00319415    0.0301396     0.997227   -0.0261682   -0.0809233 
        15.3       0.0085        0.178      8.40566     108     0.024531   0.00260699    0.0249324       0.9839    -0.153976     -0.47616 
        15.3        0.016        0.178      8.40566     109     0.021658   0.00249406    0.0229779     0.942557    -0.529229      -1.5445 
        15.3        0.025        0.178      8.40566     110     0.021437   0.00308417    0.0221902     0.966057    -0.244219    -0.569833 
        15.3        0.035        0.178      8.40566     111     0.025857     0.010347    0.0220667      1.17177     0.366321     0.646571 
        15.3         0.05        0.178      8.40566     112     0.029614    0.0102513    0.0225499      1.31327     0.689092      1.24179 
        15.3       0.0009        0.562      3.45314     113      0.03978   0.00757963    0.0466049     0.853558    -0.900428      -1.8186 
        15.3       0.0025        0.562      3.45314     114     0.038233   0.00458334    0.0386627     0.988885   -0.0937635     -0.44818 
        15.3       0.0085        0.562      3.45314     115     0.035802   0.00407577    0.0310551      1.15285      1.16466      3.97246 
        15.3        0.016        0.562      3.45314     116     0.033371    0.0128481    0.0280118      1.19132     0.417119     0.729217 
        15.3        0.035        0.562      3.45314     117     0.020774     0.010735    0.0253227      0.82037     -0.42373    -0.755041 
        26.5        0.075       0.0056      68.5977     118     0.079339    0.0247778    0.0598644      1.32531      0.78597      1.44389 
        26.5        0.025       0.0178      38.2396     119     0.039559   0.00658084    0.0451038     0.877065    -0.842571     -1.72585 
        26.5        0.035       0.0178      38.2396     120     0.044642    0.0077914     0.046152     0.967281    -0.193809    -0.393321 
        26.5         0.05       0.0178      38.2396     121      0.05525   0.00814596    0.0470281      1.17483      1.00932      2.18042 
        26.5        0.075       0.0178      38.2396     122     0.055029    0.0113724    0.0491447      1.11973     0.517416      1.04209 
        26.5       0.0085       0.0562      21.0957     123     0.034697   0.00653788    0.0358561     0.967674    -0.177289     -0.49799 
        26.5        0.016       0.0562      21.0957     124      0.03315   0.00408189    0.0345712     0.958889    -0.348182    -0.866168 
        26.5        0.025       0.0562      21.0957     125     0.029614   0.00370329     0.033555     0.882551     -1.06419     -2.40026 
        26.5        0.035       0.0562      21.0957     126     0.034697   0.00536178    0.0333235      1.04122     0.256172     0.534956 
        26.5         0.05       0.0562      21.0957     127     0.040664   0.00581978    0.0339033      1.19941      1.16168      2.59651 
        26.5        0.075       0.0562      21.0957     128     0.046631   0.00723472    0.0360367      1.29399      1.46437      2.98321 
        26.5         0.09       0.0562      21.0957     129     0.052377    0.0105271    0.0376563      1.39092      1.39836      2.77739 
        26.5       0.0025        0.178      11.0624     130     0.030498   0.00399163    0.0327235     0.931991    -0.557537     -1.34763 
        26.5       0.0085        0.178      11.0624     131     0.027846   0.00353567    0.0280438     0.992946   -0.0559479    -0.140292 
        26.5        0.016        0.178      11.0624     132     0.024973   0.00336228    0.0257877     0.968409    -0.242294    -0.593121 
        26.5        0.025        0.178      11.0624     133     0.020553   0.00294525    0.0247861     0.829214     -1.43727      -3.1318 
        26.5        0.035        0.178      11.0624     134       0.0221   0.00447234    0.0245086     0.901725    -0.538549      -1.1121 
        26.5         0.05        0.178      11.0624     135     0.023205    0.0120568    0.0248348     0.934376    -0.135174     -0.23784 
        26.5        0.075        0.178      11.0624     136     0.037349    0.0284064    0.0262673      1.42188     0.390114     0.683397 
        26.5       0.0009        0.562      4.54456     137     0.053261    0.0229803    0.0467998      1.13806     0.281161      0.50199 
        26.5       0.0025        0.562      4.54456     138     0.041769   0.00753627     0.039043      1.06982     0.361717      1.76131 
        26.5       0.0085        0.562      4.54456     139      0.03094   0.00390641    0.0313615      0.98656    -0.107898    -0.315452 
        26.5        0.025        0.562      4.54456     140     0.030056    0.0181922    0.0265181      1.13342     0.194476     0.341805 
          46         0.05       0.0178      50.3812     141     0.069173    0.0131403    0.0529738       1.3058      1.23279      2.41274 
          46        0.075       0.0178      50.3812     142     0.048178    0.0166424    0.0559256     0.861466    -0.465534    -0.846379 
          46        0.016       0.0562       27.794     143     0.036023   0.00654281    0.0385257     0.935038    -0.382513    -0.789493 
          46        0.025       0.0562       27.794     144     0.038012   0.00665438     0.038011      1.00003  0.000152769  0.000310973 
          46        0.035       0.0562       27.794     145     0.034918   0.00590858    0.0377619     0.924689    -0.481313    -0.958966 
          46         0.05       0.0562       27.794     146     0.043979   0.00721376    0.0382163      1.15079     0.798853      1.67265 
          46        0.075       0.0562       27.794     147     0.046852    0.0081196    0.0401815      1.16601     0.821531      1.67789 
          46         0.09       0.0562       27.794     148     0.059007    0.0103727    0.0417279      1.41409      1.66583      3.17676 
          46       0.0085        0.178      14.5749     149     0.026741   0.00407298    0.0307793     0.868797    -0.991495       -2.245 
          46        0.016        0.178      14.5749     150     0.029393   0.00405964    0.0283689       1.0361     0.252252     0.572303 
          46        0.025        0.178      14.5749     151     0.029835   0.00514288    0.0271918      1.09721     0.513957      1.04229 
          46        0.035        0.178      14.5749     152     0.028509    0.0045173    0.0267791       1.0646     0.382939     0.784258 
          46         0.05        0.178      14.5749     153     0.032708   0.00538064    0.0269653      1.21297      1.06729      2.20906 
          46        0.075        0.178      14.5749     154     0.044421   0.00927176    0.0282403      1.57296      1.74516      3.41144 
          46         0.09        0.178      14.5749     155     0.039117    0.0108588    0.0292803      1.33595     0.905873      1.84069 
          46       0.0025        0.562      5.98753     156     0.043316   0.00618707    0.0391254      1.10711     0.677314      1.86151 
          46       0.0085        0.562      5.98753     157     0.029835   0.00417978     0.031468     0.948105    -0.390695     -1.05318 
          46        0.016        0.562      5.98753     158     0.027404    0.0041772    0.0283471     0.966729    -0.225781     -0.48263 
          46        0.025        0.562      5.98753     159     0.023426   0.00586235    0.0265702     0.881663    -0.536345     -1.03246 
          46        0.035        0.562      5.98753     160     0.029835   0.00835849    0.0255156      1.16929     0.516774     0.924952 
          46         0.05        0.562      5.98753     161      0.02652    0.0120667    0.0247247      1.07261     0.148777     0.257895 
          46       0.0009        0.816      3.22064     162     0.032045    0.0122414    0.0357504     0.896354    -0.302691     -0.53388 
          46       0.0025        0.816      3.22064     163     0.028951   0.00999418    0.0296188     0.977454   -0.0668163    -0.122487 
          46       0.0085        0.816      3.22064     164      0.02431   0.00799629    0.0237129      1.02518     0.074676     0.133368 
          46        0.016        0.816      3.22064     165     0.020332   0.00987344     0.021281     0.955404   -0.0961204    -0.171102 
          80        0.035       0.0562      36.6536     166     0.050167    0.0173923    0.0414615      1.20997     0.500535     0.913315 
          80         0.05       0.0562      36.6536     167     0.051935    0.0143739    0.0420965      1.23371     0.684472      1.26293 
          80        0.075       0.0562      36.6536     168     0.047736    0.0206119    0.0440349      1.08405      0.17956      0.32305 
          80       0.0085        0.178      19.2208     169     0.045526    0.0127262    0.0326045      1.39631      1.01535      1.89218 
          80        0.016        0.178      19.2208     170     0.029393   0.00713548     0.030543     0.962349    -0.161164    -0.300956 
          80        0.025        0.178      19.2208     171     0.032266   0.00729811    0.0292855      1.10177     0.408397      0.76978 
          80        0.035        0.178      19.2208     172     0.035802   0.00932475    0.0287725      1.24432     0.753859      1.40247 
          80         0.05        0.178      19.2208     173     0.032266   0.00896821    0.0288415      1.11874     0.381851      0.70756 
          80        0.075        0.178      19.2208     174     0.040443    0.0188444    0.0299769      1.34914     0.555398     0.995337 
          80       0.0085        0.562      7.89612     175     0.025636   0.00561639     0.031292      0.81925     -1.00706     -2.20628 
          80        0.016        0.562      7.89612     176      0.01989   0.00540426    0.0281824     0.705759     -1.53442     -2.97796 
          80        0.025        0.562      7.89612     177     0.022984   0.00743695    0.0263997     0.870615    -0.459291    -0.874195 
          80        0.035        0.562      7.89612     178     0.024089    0.0108888    0.0253318      0.95094    -0.114132    -0.206362 
         200         0.05       0.0562      57.9545     179     0.035802    0.0174588    0.0453813     0.788915    -0.548683    -0.955586 
         200        0.075       0.0562      57.9545     180     0.063648    0.0409655    0.0489688      1.29977     0.358331     0.623327 
         200        0.016        0.178      30.3907     181     0.032045    0.0116307    0.0321487     0.996775  -0.00891488   -0.0161783 
         200        0.025        0.178      30.3907     182     0.043979    0.0129167    0.0317381      1.38568     0.947677      1.73959 
         200        0.035        0.178      30.3907     183     0.037349    0.0148262    0.0313334      1.19199     0.405738     0.732106 
         200         0.05        0.178      30.3907     184     0.051935    0.0188618    0.0313443      1.65692      1.09166      1.98236 
         200        0.075        0.178      30.3907     185     0.046189    0.0284113    0.0323284      1.42874     0.487853     0.857382 
         200       0.0085        0.562      12.4849     186     0.024089   0.00869132    0.0305064     0.789637    -0.738371     -1.40213 
         200        0.016        0.562      12.4849     187     0.020553   0.00853771    0.0275246     0.746715    -0.816561     -1.47478 
         200        0.025        0.562      12.4849     188     0.016354   0.00804992    0.0257759     0.634469     -1.17043     -2.13379 
         200        0.035        0.562      12.4849     189     0.034918    0.0205146    0.0247145      1.41285     0.497376     0.885491 
         200         0.05        0.562      12.4849     190     0.033371    0.0168694    0.0238857      1.39711     0.562282     0.980135 
         200        0.075        0.562      12.4849     191     0.050388    0.0437681    0.0233878      2.15446     0.616891      1.07169 
