          Q2           xp         beta           mx   iData         Data       ErrTot       Theory        Ratio         Pull      PullUnc 
         2.5         0.05       0.0018      37.2342       0      0.02431   0.00909431   0.00985033      2.46794      1.58997      2.99414 
         2.5        0.075       0.0018      37.2342       1     0.036686    0.0112624     0.011634      3.15335      2.22439      4.37517 
         2.5         0.09       0.0018      37.2342       2     0.028288   0.00938454    0.0127886      2.21197      1.65159      3.22772 
         2.5       0.0085       0.0056      21.0696       3     0.022321    0.0094179   0.00546696      4.08289      1.78958      3.43928 
         2.5        0.016       0.0056      21.0696       4     0.020553   0.00525542   0.00604397      3.40058      2.76077      5.09981 
         2.5        0.025       0.0056      21.0696       5     0.021216   0.00734392   0.00646373      3.28231      2.00877      3.70595 
         2.5        0.035       0.0056      21.0696       6      0.02431   0.00923236   0.00704938      3.44853      1.86958      3.36582 
         2.5         0.05       0.0056      21.0696       7     0.025857   0.00581259   0.00809875      3.19271      3.05513      5.86762 
         2.5        0.075       0.0056      21.0696       8     0.031603    0.0104509    0.0100973      3.12984      2.05778      3.82204 
         2.5         0.09       0.0056      21.0696       9     0.034034    0.0101815    0.0113749      2.99201      2.22552      4.08245 
         2.5       0.0025       0.0178      11.7452      10     0.021879   0.00659909   0.00439449      4.97874      2.64954      5.13456 
         2.5       0.0085       0.0178      11.7452      11     0.016796   0.00348467   0.00555374      3.02427       3.2262      6.12812 
         2.5        0.016       0.0178      11.7452      12     0.016133   0.00367075   0.00566312      2.84878      2.85225       5.1713 
         2.5        0.025       0.0178      11.7452      13     0.015691   0.00376679   0.00608668      2.57793      2.54974      4.80786 
         2.5        0.035       0.0178      11.7452      14     0.020995    0.0120118   0.00674013      3.11492      1.18674      2.07955 
         2.5         0.05       0.0178      11.7452      15     0.025194   0.00504723   0.00790748       3.1861      3.42495       6.5052 
         2.5        0.075       0.0178      11.7452      16     0.027183   0.00666255    0.0101073      2.68944      2.56294       4.6584 
         2.5       0.0009       0.0562      6.47951      17     0.025194   0.00724326   0.00684237      3.68206      2.53361      4.67315 
         2.5       0.0025       0.0562      6.47951      18     0.016354   0.00342209   0.00788755      2.07339      2.47406      4.74614 
         2.5       0.0085       0.0562      6.47951      19     0.014144   0.00316456   0.00691278      2.04607      2.28506      4.36717 
         2.5        0.016       0.0562      6.47951      20     0.015028   0.00403669   0.00683132      2.19987      2.03054      3.85675 
         2.5        0.025       0.0562      6.47951      21     0.013923   0.00486234   0.00717577      1.94028      1.38765      2.44765 
         2.5       0.0003        0.178      3.39779      22     0.034476   0.00689908    0.0168068      2.05131      2.56109      4.96387 
         2.5       0.0009        0.178      3.39779      23     0.022542   0.00339772    0.0161888      1.39245      1.86985      3.86045 
         2.5       0.0025        0.178      3.39779      24     0.015028   0.00299634     0.013624      1.10305     0.468567     0.917474 
         2.5       0.0085        0.178      3.39779      25     0.016354   0.00424808    0.0112372      1.45535      1.20451      2.29113 
         2.5        0.016        0.178      3.39779      26     0.025636   0.00891949    0.0105404      2.43218      1.69243      3.01972 
         2.5       0.0003        0.562      1.39585      27     0.047294    0.0155836    0.0415514       1.1382     0.368504     0.664957 
         2.5       0.0009        0.562      1.39585      28     0.038012    0.0202654    0.0340358      1.11682     0.196204     0.350629 
         2.5       0.0025        0.562      1.39585      29      0.02431    0.0150767      0.02818     0.862667     -0.25669    -0.454844 
         5.1         0.05       0.0018      53.1811      30     0.043979   0.00686453    0.0293375      1.49907      2.13292       5.6427 
         5.1        0.075       0.0018      53.1811      31     0.051272   0.00763178    0.0310041      1.65372      2.65573      5.90004 
         5.1        0.016       0.0056      30.0934      32     0.029835   0.00376855    0.0243876      1.22337      1.44549      4.62721 
         5.1        0.025       0.0056      30.0934      33      0.02652   0.00296135     0.025088      1.05708     0.483578      1.58205 
         5.1        0.035       0.0056      30.0934      34     0.029614    0.0032282    0.0250411      1.18261      1.41654      3.81768 
         5.1         0.05       0.0056      30.0934      35     0.032487   0.00407618    0.0251832      1.29003      1.79183      5.69764 
         5.1        0.075       0.0056      30.0934      36      0.03978   0.00616628    0.0260501      1.52706      2.22661      5.90361 
         5.1         0.09       0.0056      30.0934      37     0.049504    0.0119638    0.0267885      1.84796      1.89869      3.64543 
         5.1       0.0085       0.0178      16.7755      38      0.02652   0.00411231    0.0222633       1.1912      1.03512       6.1017 
         5.1        0.016       0.0178      16.7755      39     0.024531   0.00265989    0.0211385      1.16049      1.27542      5.30331 
         5.1        0.025       0.0178      16.7755      40     0.024089   0.00261773    0.0204759      1.17646      1.38023       4.9316 
         5.1        0.035       0.0178      16.7755      41     0.022321   0.00272289    0.0203286      1.09801     0.731733      2.05595 
         5.1         0.05       0.0178      16.7755      42     0.029614   0.00354763    0.0206859      1.43161      2.51665      6.95876 
         5.1        0.075       0.0178      16.7755      43     0.034034   0.00508897    0.0219995      1.54703      2.36482      5.22494 
         5.1       0.0025       0.0562      9.25458      44     0.023647   0.00258997    0.0214828      1.10074     0.835592      3.80013 
         5.1       0.0085       0.0562      9.25458      45     0.019448   0.00214819    0.0186231       1.0443     0.384004      1.56137 
         5.1        0.016       0.0562      9.25458      46     0.019448   0.00215855    0.0172974      1.12433     0.996309      3.44058 
         5.1        0.025       0.0562      9.25458      47     0.018564    0.0023112     0.016835      1.10271     0.748114      2.04517 
         5.1         0.05       0.0562      9.25458      48     0.020995   0.00766999    0.0174603      1.20244     0.460847      0.81666 
         5.1        0.075       0.0562      9.25458      49     0.033813    0.0159015     0.019039      1.77599     0.929095      1.62273 
         5.1       0.0009        0.178      4.85301      50     0.026741   0.00775383    0.0260506       1.0265     0.089039     0.194742 
         5.1       0.0025        0.178      4.85301      51     0.026078     0.003162     0.022386      1.16492      1.16761      8.78008 
         5.1       0.0085        0.178      4.85301      52     0.020995   0.00233668    0.0182635      1.14956      1.16896      4.57413 
         5.1        0.016        0.178      4.85301      53     0.016575   0.00547552    0.0167916     0.987102   -0.0395544   -0.0708642 
         5.1        0.025        0.178      4.85301      54     0.023647   0.00807336    0.0161764      1.46182     0.925341      1.71839 
         5.1        0.035        0.178      4.85301      55     0.014365   0.00622237    0.0160434     0.895384    -0.269736    -0.478592 
         5.1       0.0003        0.562      1.99367      56     0.060775    0.0169467    0.0479329      1.26792     0.757794      1.37479 
         5.1       0.0009        0.562      1.99367      57     0.041327   0.00852379    0.0396219      1.04303     0.200034     0.388118 
         5.1       0.0025        0.562      1.99367      58     0.033813   0.00466717     0.032821      1.03023     0.212557      2.09032 
         5.1       0.0085        0.562      1.99367      59     0.030277    0.0142312    0.0263495      1.14906     0.275981     0.482767 
         8.8        0.075       0.0018      69.8576      60     0.063648    0.0145515    0.0434194      1.46589      1.39014       2.6485 
         8.8        0.025       0.0056      39.5301      61     0.033592   0.00429846    0.0359016     0.935669    -0.537303     -1.35781 
         8.8        0.035       0.0056      39.5301      62     0.037791    0.0047944    0.0373862      1.01083    0.0844383     0.204463 
         8.8         0.05       0.0056      39.5301      63     0.043537   0.00484632    0.0377581      1.15305      1.19243      3.10711 
         8.8        0.075       0.0056      39.5301      64     0.046852   0.00673676    0.0382746       1.2241      1.27323      3.05041 
         8.8         0.09       0.0056      39.5301      65     0.062101    0.0136341    0.0387727      1.60167      1.71103       3.5572 
         8.8       0.0085       0.0178      22.0359      66     0.028288   0.00364674    0.0312721     0.904577    -0.818286     -2.45589 
         8.8        0.016       0.0178      22.0359      67     0.027404   0.00281968    0.0315469     0.868676     -1.46927     -4.78784 
         8.8        0.025       0.0178      22.0359      68     0.029393   0.00307196    0.0305169     0.963171    -0.365861     -1.10751 
         8.8        0.035       0.0178      22.0359      69      0.02873   0.00334183    0.0299522     0.959194    -0.365741    -0.939607 
         8.8         0.05       0.0178      22.0359      70     0.035139   0.00378051    0.0298609      1.17676      1.39615      3.82268 
         8.8        0.075       0.0178      22.0359      71     0.035802    0.0048609    0.0307055      1.16598      1.04847      2.43241 
         8.8         0.09       0.0178      22.0359      72      0.04862    0.0105445    0.0315057      1.54321      1.62306      3.14765 
         8.8       0.0025       0.0562      12.1566      73     0.027625   0.00325436    0.0271601      1.01712     0.142855     0.491583 
         8.8       0.0085       0.0562      12.1566      74     0.023426   0.00251532    0.0262058     0.893924     -1.10515     -3.64471 
         8.8        0.016       0.0562      12.1566      75     0.023868   0.00256334    0.0241952     0.986475     -0.12766    -0.471648 
         8.8        0.025       0.0562      12.1566      76     0.021658   0.00244831    0.0232533     0.931394    -0.651599     -2.02664 
         8.8        0.035       0.0562      12.1566      77     0.024089   0.00308066     0.022971      1.04867     0.362915     0.892538 
         8.8         0.05       0.0562      12.1566      78     0.031824   0.00416846    0.0232364      1.36957      2.06013      5.17216 
         8.8        0.075       0.0562      12.1566      79      0.03094   0.00675414    0.0245072      1.26248      0.95242      1.76038 
         8.8       0.0009        0.178      6.37481      80     0.039117   0.00655008    0.0299456      1.30627       1.4002      2.87343 
         8.8       0.0025        0.178      6.37481      81     0.028509   0.00293906     0.027483      1.03733     0.349092      1.54159 
         8.8       0.0085        0.178      6.37481      82     0.022984   0.00227843     0.022469      1.02292     0.226022     0.851742 
         8.8        0.016        0.178      6.37481      83      0.01989   0.00239111    0.0205547     0.967664    -0.277973    -0.843367 
         8.8        0.025        0.178      6.37481      84     0.021658   0.00781377    0.0196636      1.10143     0.255244     0.465109 
         8.8        0.035        0.178      6.37481      85     0.022763   0.00827428    0.0193444      1.17672     0.413159     0.741696 
         8.8         0.05        0.178      6.37481      86     0.025636   0.00686633     0.019456      1.31764     0.900045      1.65219 
         8.8       0.0003        0.562      2.61885      87      0.05525    0.0113513    0.0500656      1.10355     0.456727      1.13751 
         8.8       0.0009        0.562      2.61885      88     0.045747   0.00752076    0.0423111      1.08121     0.456853      1.13732 
         8.8       0.0025        0.562      2.61885      89     0.036686   0.00578151    0.0350986      1.04523     0.274558      2.69904 
         8.8       0.0085        0.562      2.61885      90     0.031382    0.0065994    0.0281673      1.11413     0.487125      1.07539 
         8.8        0.016        0.562      2.61885      91     0.022542   0.00858566    0.0253695     0.888548    -0.329327    -0.586105 
        15.3         0.05       0.0056      52.1233      92     0.054145   0.00811453    0.0478343      1.13193     0.777699      1.65275 
        15.3        0.075       0.0056      52.1233      93     0.065416    0.0134549    0.0495646      1.31981      1.17812      2.42317 
        15.3        0.016       0.0178       29.056      94     0.038896   0.00488992    0.0393037     0.989626   -0.0833844    -0.216108 
        15.3        0.025       0.0178       29.056      95     0.036244   0.00430694    0.0393697     0.920607    -0.725727     -1.93565 
        15.3        0.035       0.0178       29.056      96     0.036465     0.004779    0.0387805     0.940293    -0.484506     -1.09382 
        15.3         0.05       0.0178       29.056      97     0.038896   0.00488311    0.0384238      1.01229    0.0967055     0.238236 
        15.3        0.075       0.0178       29.056      98     0.046631   0.00708055    0.0388925      1.19897      1.09292      2.36351 
        15.3         0.09       0.0178       29.056      99     0.051714     0.010362    0.0395201      1.30855      1.17679      2.32834 
        15.3       0.0085       0.0562      16.0294     100     0.029614   0.00462396    0.0325563     0.909623    -0.636324     -2.20792 
        15.3        0.016       0.0562      16.0294     101     0.026962   0.00309171     0.030302     0.889776     -1.08031     -3.16701 
        15.3        0.025       0.0562      16.0294     102     0.024973   0.00287819    0.0289887     0.861475      -1.3952     -3.56542 
        15.3        0.035       0.0562      16.0294     103     0.026741   0.00376925     0.028423     0.940822    -0.446245     -1.01452 
        15.3         0.05       0.0562      16.0294     104      0.03094   0.00415461    0.0284084      1.08911     0.609348      1.40949 
        15.3        0.075       0.0562      16.0294     105     0.038454   0.00614687    0.0293928      1.30828      1.47411      3.04917 
        15.3         0.09       0.0562      16.0294     106     0.035802   0.00746547    0.0302717      1.18269     0.740787      1.45339 
        15.3       0.0025        0.178      8.40566     107     0.030056   0.00319415    0.0313303     0.959328    -0.398934     -1.23367 
        15.3       0.0085        0.178      8.40566     108     0.024531   0.00260699    0.0259865      0.94399    -0.558313     -1.72654 
        15.3        0.016        0.178      8.40566     109     0.021658   0.00249406    0.0237102     0.913448    -0.822823     -2.40132 
        15.3        0.025        0.178      8.40566     110     0.021437   0.00308417    0.0225819     0.949301    -0.371208    -0.866137 
        15.3        0.035        0.178      8.40566     111     0.025857     0.010347    0.0220974      1.17014     0.363354     0.641335 
        15.3         0.05        0.178      8.40566     112     0.029614    0.0102513    0.0220459      1.34329     0.738253      1.33038 
        15.3       0.0009        0.562      3.45314     113      0.03978   0.00757963    0.0437659     0.908926    -0.525876     -1.06211 
        15.3       0.0025        0.562      3.45314     114     0.038233   0.00458334    0.0364534      1.04882     0.388283      1.85595 
        15.3       0.0085        0.562      3.45314     115     0.035802   0.00407577    0.0292495      1.22402      1.60766      5.48346 
        15.3        0.016        0.562      3.45314     116     0.033371    0.0128481    0.0263197      1.26791     0.548825     0.959469 
        15.3        0.035        0.562      3.45314     117     0.020774     0.010735    0.0236166     0.879636    -0.264797    -0.471841 
        26.5        0.075       0.0056      68.5977     118     0.079339    0.0247778    0.0559623      1.41772     0.943454       1.7332 
        26.5        0.025       0.0178      38.2396     119     0.039559   0.00658084    0.0444184     0.890599    -0.738422     -1.51252 
        26.5        0.035       0.0178      38.2396     120     0.044642    0.0077914    0.0455622     0.979804    -0.118098    -0.239672 
        26.5         0.05       0.0178      38.2396     121      0.05525   0.00814596    0.0456987      1.20901      1.17252      2.53298 
        26.5        0.075       0.0178      38.2396     122     0.055029    0.0113724     0.046128      1.19296     0.782686      1.57635 
        26.5       0.0085       0.0562      21.0957     123     0.034697   0.00653788    0.0360139     0.963434    -0.201423     -0.56578 
        26.5        0.016       0.0562      21.0957     124      0.03315   0.00408189    0.0351993     0.941779    -0.502057     -1.24896 
        26.5        0.025       0.0562      21.0957     125     0.029614   0.00370329    0.0338222      0.87558     -1.13633     -2.56296 
        26.5        0.035       0.0562      21.0957     126     0.034697   0.00536178    0.0330779      1.04895      0.30197     0.630594 
        26.5         0.05       0.0562      21.0957     127     0.040664   0.00581978    0.0328457      1.23803      1.34339      3.00267 
        26.5        0.075       0.0562      21.0957     128     0.046631   0.00723472    0.0335837       1.3885      1.80343      3.67394 
        26.5         0.09       0.0562      21.0957     129     0.052377    0.0105271    0.0343531      1.52467      1.71214      3.40062 
        26.5       0.0025        0.178      11.0624     130     0.030498   0.00399163     0.032643     0.934289    -0.537377      -1.2989 
        26.5       0.0085        0.178      11.0624     131     0.027846   0.00353567    0.0287533     0.968446    -0.256611    -0.643466 
        26.5        0.016        0.178      11.0624     132     0.024973   0.00336228    0.0262377     0.951797    -0.376158    -0.920812 
        26.5        0.025        0.178      11.0624     133     0.020553   0.00294525    0.0249201     0.824757     -1.48275     -3.23089 
        26.5        0.035        0.178      11.0624     134       0.0221   0.00447234    0.0242951     0.909648     -0.49082     -1.01354 
        26.5         0.05        0.178      11.0624     135     0.023205    0.0120568    0.0240976     0.962958   -0.0740353    -0.130266 
        26.5        0.075        0.178      11.0624     136     0.037349    0.0284064    0.0246424      1.51564     0.447314       0.7836 
        26.5       0.0009        0.562      4.54456     137     0.053261    0.0229803    0.0435322      1.22349     0.423355     0.755864 
        26.5       0.0025        0.562      4.54456     138     0.041769   0.00753627    0.0367516      1.13652     0.665766      3.24182 
        26.5       0.0085        0.562      4.54456     139      0.03094   0.00390641    0.0295114      1.04841       0.3657      1.06916 
        26.5        0.025        0.562      4.54456     140     0.030056    0.0181922    0.0248139      1.21125     0.288147      0.50644 
          46         0.05       0.0178      50.3812     141     0.069173    0.0131403    0.0518057      1.33524      1.32168       2.5867 
          46        0.075       0.0178      50.3812     142     0.048178    0.0166424    0.0533626     0.902842    -0.311531    -0.566389 
          46        0.016       0.0562       27.794     143     0.036023   0.00654281    0.0389907     0.923888    -0.453576    -0.936163 
          46        0.025       0.0562       27.794     144     0.038012   0.00665438    0.0384415     0.988827   -0.0645474    -0.131391 
          46        0.035       0.0562       27.794     145     0.034918   0.00590858    0.0377536     0.924891    -0.479919    -0.956188 
          46         0.05       0.0562       27.794     146     0.043979   0.00721376     0.037419      1.17531     0.909372      1.90406 
          46        0.075       0.0562       27.794     147     0.046852    0.0081196    0.0379887      1.23331      1.09159      2.22946 
          46         0.09       0.0562       27.794     148     0.059007    0.0103727    0.0386808      1.52549      1.95959      3.73697 
          46       0.0085        0.178      14.5749     149     0.026741   0.00407298    0.0312444     0.855864     -1.10569     -2.50356 
          46        0.016        0.178      14.5749     150     0.029393   0.00405964    0.0286813      1.02481     0.175301     0.397719 
          46        0.025        0.178      14.5749     151     0.029835   0.00514288    0.0272243       1.0959     0.507643      1.02948 
          46        0.035        0.178      14.5749     152     0.028509    0.0045173    0.0264893      1.07625     0.447111     0.915681 
          46         0.05        0.178      14.5749     153     0.032708   0.00538064    0.0261825      1.24923      1.21278      2.51019 
          46        0.075        0.178      14.5749     154     0.044421   0.00927176    0.0266163      1.66894      1.92032      3.75384 
          46         0.09        0.178      14.5749     155     0.039117    0.0108588    0.0271439       1.4411      1.10262      2.24046 
          46       0.0025        0.562      5.98753     156     0.043316   0.00618707    0.0369077      1.17363      1.03576      2.84663 
          46       0.0085        0.562      5.98753     157     0.029835   0.00417978    0.0297329      1.00344    0.0244359    0.0658709 
          46        0.016        0.562      5.98753     158     0.027404    0.0041772    0.0267334      1.02508     0.160529     0.343146 
          46        0.025        0.562      5.98753     159     0.023426   0.00586235    0.0249876     0.937505    -0.266377    -0.512776 
          46        0.035        0.562      5.98753     160     0.029835   0.00835849    0.0239133      1.24763     0.708461      1.26804 
          46         0.05        0.562      5.98753     161      0.02652    0.0120667    0.0230448       1.1508     0.287998     0.499225 
          46       0.0009        0.816      3.22064     162     0.032045    0.0122414     0.033213     0.964834   -0.0954103    -0.168283 
          46       0.0025        0.816      3.22064     163     0.028951   0.00999418    0.0275876      1.04942      0.13642     0.250084 
          46       0.0085        0.816      3.22064     164      0.02431   0.00799629    0.0220778      1.10111     0.279154     0.498556 
          46        0.016        0.816      3.22064     165     0.020332   0.00987344     0.019793      1.02723    0.0545867    0.0971689 
          80        0.035       0.0562      36.6536     166     0.050167    0.0173923    0.0413214      1.21407     0.508595     0.928021 
          80         0.05       0.0562      36.6536     167     0.051935    0.0143739    0.0412684      1.25847     0.742084      1.36923 
          80        0.075       0.0562      36.6536     168     0.047736    0.0206119    0.0418233      1.14137     0.286861     0.516098 
          80       0.0085        0.178      19.2208     169     0.045526    0.0127262    0.0325556      1.39841      1.01919      1.89934 
          80        0.016        0.178      19.2208     170     0.029393   0.00713548    0.0306112     0.960205    -0.170722    -0.318805 
          80        0.025        0.178      19.2208     171     0.032266   0.00729811    0.0291243      1.10787     0.430485     0.811413 
          80        0.035        0.178      19.2208     172     0.035802   0.00932475    0.0283055      1.26484     0.803941      1.49564 
          80         0.05        0.178      19.2208     173     0.032266   0.00896821    0.0278896      1.15692     0.487992     0.904236 
          80        0.075        0.178      19.2208     174     0.040443    0.0188444    0.0281849      1.43491     0.650488      1.16575 
          80       0.0085        0.562      7.89612     175     0.025636   0.00561639    0.0296536     0.864514    -0.715342     -1.56719 
          80        0.016        0.562      7.89612     176      0.01989   0.00540426    0.0266593     0.746082     -1.25258     -2.43096 
          80        0.025        0.562      7.89612     177     0.022984   0.00743695    0.0249003     0.923042    -0.257669    -0.490435 
          80        0.035        0.562      7.89612     178     0.024089    0.0108888    0.0238066      1.01186    0.0259342    0.0468915 
         200         0.05       0.0562      57.9545     179     0.035802    0.0174588    0.0437288     0.818727    -0.454032    -0.790742 
         200        0.075       0.0562      57.9545     180     0.063648    0.0409655    0.0463787      1.37235     0.421556     0.733309 
         200        0.016        0.178      30.3907     181     0.032045    0.0116307    0.0314857      1.01776    0.0480914     0.087274 
         200        0.025        0.178      30.3907     182     0.043979    0.0129167    0.0311953       1.4098     0.989701      1.81673 
         200        0.035        0.178      30.3907     183     0.037349    0.0148262    0.0305864       1.2211     0.456127     0.823026 
         200         0.05        0.178      30.3907     184     0.051935    0.0188618    0.0301663      1.72163      1.15412      2.09577 
         200        0.075        0.178      30.3907     185     0.046189    0.0284113    0.0303474      1.52201     0.557579     0.979922 
         200       0.0085        0.562      12.4849     186     0.024089   0.00869132    0.0290255     0.829924    -0.567984     -1.07857 
         200        0.016        0.562      12.4849     187     0.020553   0.00853771     0.026182     0.785005    -0.659308     -1.19077 
         200        0.025        0.562      12.4849     188     0.016354   0.00804992    0.0244539     0.668768     -1.00621      -1.8344 
         200        0.035        0.562      12.4849     189     0.034918    0.0205146    0.0233637      1.49454     0.563222      1.00272 
         200         0.05        0.562      12.4849     190     0.033371    0.0168694    0.0224487      1.48655     0.647466      1.12862 
         200        0.075        0.562      12.4849     191     0.050388    0.0437681    0.0217558      2.31607     0.654178      1.13647 
