          Q2           xp         beta           mx   iData         Data       ErrTot       Theory        Ratio         Pull      PullUnc 
         3.5       0.0003         0.17      4.13379       0      0.02481   0.00491601    0.0180433      1.37502      1.37645        1.491 
         3.5       0.0003         0.27      3.07619       1      0.02327   0.00175916    0.0316773     0.734596     -4.77916     -8.22823 
         3.5       0.0003         0.43      2.15396       2       0.0372   0.00253452    0.0425542     0.874179     -2.11252     -3.65231 
         3.5       0.0003         0.67      1.31297       3       0.0488   0.00357308    0.0476984      1.02309     0.308296      0.54271 
           5       0.0003         0.27      3.67675       4      0.03142   0.00282658    0.0326429     0.962538    -0.432629    -0.634628 
           5       0.0003         0.43      2.57447       5      0.04465   0.00328656    0.0442376      1.00932      0.12549     0.204009 
           5       0.0003         0.67      1.56929       6      0.05977   0.00463786    0.0509543      1.17301       1.9008      3.16988 
         6.5       0.0003         0.43      2.93535       7      0.05005   0.00440611    0.0448116       1.1169       1.1889      1.75564 
         6.5       0.0003         0.67      1.78927       8      0.06865   0.00562846    0.0523295      1.31188      2.89963      4.42992 
         8.5       0.0003         0.43       3.3567       9      0.03764   0.00738157    0.0443711       0.8483    -0.911881    -0.985779 
         8.5       0.0003         0.67      2.04611      10      0.06919   0.00623517    0.0530068       1.3053      2.59547      3.70841 
          12       0.0003         0.67      2.43114      11      0.06314   0.00422849    0.0529019      1.19353      2.42122      8.44116 
         3.5        0.001         0.05      8.15475      12      0.01945   0.00345455    0.0110665      1.75755      2.42679      2.74801 
         3.5        0.001         0.08      6.34429      13      0.02203   0.00172313     0.015656      1.40713      3.69907      6.53202 
         3.5        0.001         0.13      4.83974      14      0.02087   0.00149421    0.0182895      1.14109      1.72698      2.90628 
         3.5        0.001          0.2      3.74166      15      0.02188   0.00156576    0.0225496     0.970307    -0.427633    -0.719298 
         3.5        0.001         0.32      2.72718      16      0.02622   0.00181847    0.0304475     0.861155     -2.32475     -3.96084 
         3.5        0.001          0.5      1.87083      17      0.02897   0.00233312    0.0357357     0.810674     -2.89984     -3.78059 
         3.5        0.001          0.8     0.935414      18      0.04622   0.00460463    0.0460345      1.00403    0.0402847    0.0509488 
           5        0.001         0.08      7.58288      19      0.02777   0.00235128    0.0194757      1.42588      3.52758      4.88852 
           5        0.001         0.13      5.78459      20      0.02411   0.00180712    0.0232102      1.03877     0.497902     0.794751 
           5        0.001          0.2      4.47214      21      0.02495   0.00180763    0.0267335     0.933287    -0.986641      -1.5964 
           5        0.001         0.32       3.2596      22      0.03026   0.00213392    0.0330605     0.915292     -1.31236     -2.19358 
           5        0.001          0.5      2.23607      23       0.0357   0.00241074    0.0379035     0.941866    -0.914019     -1.42654 
           5        0.001          0.8      1.11803      24      0.04197   0.00361722    0.0457704     0.916969     -1.05063     -1.68146 
         6.5        0.001         0.13      6.59545      25      0.02825   0.00227443    0.0256842       1.0999       1.1281      1.55762 
         6.5        0.001          0.2      5.09902      26      0.03057   0.00231142    0.0292237      1.04607     0.582439     0.879192 
         6.5        0.001         0.32      3.71652      27      0.03104   0.00228329    0.0347524     0.893175     -1.62592     -2.38632 
         6.5        0.001          0.5      2.54951      28       0.0374   0.00266801    0.0392973     0.951719    -0.711134     -1.06783 
         6.5        0.001          0.8      1.27475      29      0.05006   0.00421902    0.0448937      1.11508      1.22453      1.93895 
         8.5        0.001         0.13      7.54219      30      0.03321    0.0033923    0.0266637      1.24551      1.92976      2.46149 
         8.5        0.001          0.2      5.83095      31      0.03233   0.00245878    0.0311384      1.03827     0.484635     0.703489 
         8.5        0.001         0.32         4.25      32      0.03332   0.00242573    0.0362449     0.919302     -1.20577      -1.8001 
         8.5        0.001          0.5      2.91548      33      0.03871   0.00292152    0.0405127     0.955502    -0.617053    -0.887412 
         8.5        0.001          0.8      1.45774      34      0.04488   0.00385942    0.0436649      1.02783     0.314842     0.445044 
          12        0.001          0.2       6.9282      35      0.03227   0.00177925    0.0321974      1.00225    0.0407882     0.124747 
          12        0.001         0.32      5.04975      36       0.0365   0.00200318    0.0376973      0.96824    -0.597687     -1.68939 
          12        0.001          0.5       3.4641      37      0.04438   0.00249596    0.0417419       1.0632      1.05695      2.60677 
          12        0.001          0.8      1.73205      38      0.05118   0.00331724    0.0418228      1.22373      2.82077      6.76679 
          15        0.001          0.2      7.74597      39      0.04107   0.00543786    0.0315653      1.30111      1.74788      1.96316 
          15        0.001         0.32      5.64579      40       0.0384    0.0020853    0.0382329      1.00437    0.0801172     0.244362 
          15        0.001          0.5      3.87298      41      0.04522   0.00252666     0.042325       1.0684      1.14578      3.01125 
          15        0.001          0.8      1.93649      42      0.04816   0.00308186    0.0405578      1.18744      2.46676      5.86658 
          20        0.001         0.32       6.5192      43      0.03892   0.00213316     0.038174      1.01954     0.349734     0.997871 
          20        0.001          0.5      4.47214      44      0.04528   0.00251538    0.0427946      1.05808     0.988077      2.66253 
          20        0.001          0.8      2.23607      45       0.0451   0.00283987    0.0389026       1.1593      2.18227      5.11401 
          25        0.001         0.32      7.28869      46      0.05186    0.0128154    0.0367901      1.40962      1.17592      1.21373 
          25        0.001          0.5            5      47      0.04764   0.00268353    0.0425007      1.12092      1.91511       5.2328 
          25        0.001          0.8          2.5      48      0.04499   0.00278502      0.03718      1.21006      2.80429      6.46052 
          35        0.001          0.5      5.91608      49      0.04718    0.0028087     0.042026      1.12264      1.83502      4.17391 
          35        0.001          0.8      2.95804      50      0.04344   0.00278897    0.0354081      1.22684      2.87989      6.07938 
          45        0.001          0.8       3.3541      51      0.04048   0.00285463    0.0340918      1.18738      2.23783      4.29188 
         3.5        0.003        0.017      14.2261      52      0.01604   0.00306133    0.0118908      1.34894      1.35536      1.49803 
         3.5        0.003        0.027      11.2307      53      0.01785   0.00140517    0.0141389      1.26248      2.64105      4.16395 
         3.5        0.003        0.043      8.82583      54      0.01585   0.00113933    0.0145892      1.08642      1.10659      1.61031 
         3.5        0.003        0.067      6.98132      55      0.01758    0.0012699    0.0145981      1.20427      2.34816      3.50648 
         3.5        0.003         0.11      5.32148      56      0.01841   0.00163487    0.0150211      1.22561      2.07291       2.5408 
         3.5        0.003         0.17      4.13379      57      0.01678    0.0015572    0.0171626     0.977705    -0.245729    -0.297335 
         3.5        0.003         0.27      3.07619      58      0.02215    0.0024114    0.0224943     0.984694    -0.142775    -0.172812 
           5        0.003        0.027      13.4233      59      0.02143   0.00199449    0.0200816      1.06715     0.676068     0.900719 
           5        0.003        0.043      10.5489      60      0.02163   0.00166157    0.0212579       1.0175     0.223944     0.323148 
           5        0.003        0.067      8.34427      61      0.01994   0.00146053    0.0206472      0.96575    -0.484188    -0.701759 
           5        0.003         0.11      6.36039      62      0.01834   0.00133505    0.0200839     0.913171     -1.30621     -1.87891 
           5        0.003         0.17      4.94083      63      0.02068   0.00149784    0.0212283     0.974173    -0.366033    -0.538367 
           5        0.003         0.27      3.67675      64      0.02472   0.00174219    0.0252177     0.980262      -0.2857    -0.434653 
           5        0.003         0.43      2.57447      65      0.02922   0.00383306    0.0300313     0.972985    -0.211661    -0.248293 
         6.5        0.003        0.043      12.0276      66      0.02452   0.00208406    0.0249844     0.981411    -0.222856    -0.291408 
         6.5        0.003        0.067      9.51393      67       0.0206   0.00163235    0.0245029     0.840717     -2.39097     -3.18388 
         6.5        0.003         0.11      7.25196      68      0.02079   0.00162122    0.0233877      0.88893     -1.60229     -2.16525 
         6.5        0.003         0.17      5.63341      69       0.0188   0.00141363    0.0238652     0.787756     -3.58315     -4.89788 
         6.5        0.003         0.27      4.19214      70      0.02256   0.00166149    0.0270024     0.835482     -2.67373      -3.8252 
         6.5        0.003         0.43      2.93535      71      0.02785   0.00207665    0.0311807     0.893181     -1.60388       -2.305 
         8.5        0.003        0.043      13.7541      72      0.02783   0.00300886    0.0270311      1.02955     0.265512     0.313788 
         8.5        0.003        0.067      10.8796      73       0.0246   0.00197092      0.02774     0.886807     -1.59315      -2.1084 
         8.5        0.003         0.11      8.29293      74      0.02097   0.00165025    0.0263903     0.794611     -3.28452     -4.44267 
         8.5        0.003         0.17      6.44205      75      0.02308   0.00172174    0.0262847     0.878079     -1.86129     -2.58732 
         8.5        0.003         0.27       4.7939      76      0.02265   0.00166057    0.0286559     0.790414     -3.61675     -5.11058 
         8.5        0.003         0.43       3.3567      77      0.03263    0.0023259    0.0322572      1.01156     0.160289     0.232019 
         8.5        0.003         0.67      2.04611      78      0.04341   0.00365496    0.0350059      1.24008      2.29937      2.99586 
          12        0.003        0.067      12.9269      79      0.02712   0.00155509    0.0302104     0.897704     -1.98728     -4.94978 
          12        0.003         0.11      9.85347      80      0.02698   0.00150678     0.029586     0.911919     -1.72949     -4.35013 
          12        0.003         0.17       7.6543      81      0.02655   0.00147227    0.0289921     0.915768     -1.65871     -4.14257 
          12        0.003         0.27        5.696      82      0.02751    0.0015435    0.0305414     0.900746     -1.96395     -4.83221 
          12        0.003         0.43      3.98836      83      0.03388   0.00191624    0.0334727      1.01217     0.212572     0.513131 
          12        0.003         0.67      2.43114      84      0.04193   0.00242361    0.0353432      1.18637      2.71777      5.98469 
          15        0.003        0.067      14.4527      85      0.03764    0.0058291    0.0301241       1.2495      1.28937      1.40824 
          15        0.003         0.11      11.0165      86       0.0278    0.0015568    0.0311074     0.893679     -2.12448     -5.71736 
          15        0.003         0.17      8.55776      87      0.02732   0.00151053    0.0304835     0.896222     -2.09432     -5.61688 
          15        0.003         0.27      6.36832      88      0.02903    0.0015762    0.0316223     0.918024     -1.64464     -4.33153 
          15        0.003         0.43      4.45912      89      0.03449    0.0018957    0.0341577      1.00973     0.175296     0.437499 
          15        0.003         0.67       2.7181      90      0.04031   0.00229023    0.0353598         1.14      2.16144      4.94387 
          20        0.003         0.11      12.7208      91      0.02754   0.00157364     0.032054     0.859175     -2.86851      -7.1878 
          20        0.003         0.17      9.88165      92      0.02996   0.00165378     0.032019     0.935696       -1.245     -3.43618 
          20        0.003         0.27      7.35351      93      0.03194   0.00170842    0.0328411     0.972562    -0.527434     -1.46864 
          20        0.003         0.43      5.14894      94      0.03618   0.00196608    0.0349211      1.03605     0.640312      1.68783 
          20        0.003         0.67      3.13859      95      0.03927   0.00223667    0.0352066      1.11542      1.81672       4.2965 
          25        0.003         0.11      14.2223      96      0.03645   0.00775255    0.0308604      1.18113     0.721001     0.759856 
          25        0.003         0.17       11.048      97      0.03156   0.00171676    0.0324869     0.971469    -0.539909     -1.42462 
          25        0.003         0.27      8.22147      98      0.03205   0.00172981    0.0334752     0.957427    -0.823879     -2.31484 
          25        0.003         0.43      5.75669      99      0.03706   0.00200364    0.0352053      1.05268     0.925657      2.50227 
          25        0.003         0.67      3.50905     100      0.03909   0.00225268    0.0346034      1.12966      1.99167      4.76583 
          35        0.003         0.17      13.0722     101      0.03132   0.00179729    0.0325438     0.962397    -0.680889      -1.6224 
          35        0.003         0.27      9.72778     102       0.0333   0.00178178    0.0343799     0.968589    -0.606087      -1.6215 
          35        0.003         0.43      6.81141     103      0.03691   0.00201692    0.0358457      1.02969       0.5277      1.34741 
          35        0.003         0.67      4.15196     104      0.03975   0.00237371    0.0342105      1.16192      2.33369      5.61038 
          45        0.003         0.27      11.0303     105      0.03306   0.00184337    0.0345887     0.955802    -0.829322     -1.91022 
          45        0.003         0.43      7.72342     106      0.03872   0.00213522    0.0361671      1.07059      1.19561      2.90814 
          45        0.003         0.67      4.70788     107      0.03844    0.0023571    0.0338312      1.13623      1.95529      4.23369 
          60        0.003         0.43      8.91823     108      0.03776   0.00214967    0.0363103      1.03993     0.674389      1.42686 
          60        0.003         0.67       5.4362     109      0.03728   0.00233559    0.0333215       1.1188      1.69485       3.4093 
          90        0.003         0.67      6.65795     110      0.03532   0.00279854    0.0324831      1.08734      1.01371      1.51521 
         3.5         0.01        0.005      26.3913     111      0.02678   0.00469644    0.0142253      1.88257      2.67325      2.94088 
         3.5         0.01        0.008      20.8327     112      0.02007   0.00179512     0.014667      1.36838      3.00982      4.00731 
         3.5         0.01        0.013      16.3013     113      0.01938   0.00170984    0.0141064      1.37384      3.08424      4.00513 
         3.5         0.01         0.02      13.0958     114      0.01632   0.00133824    0.0135057      1.20837      2.10295      2.75987 
         3.5         0.01        0.032      10.2896     115      0.01795   0.00195235     0.012958      1.38524      2.55692      2.98849 
         3.5         0.01         0.05      8.15475     116      0.01554   0.00173687    0.0125609      1.23718      1.71524      1.96564 
         3.5         0.01         0.08      6.34429     117      0.01729    0.0021598     0.012369      1.39784      2.27844        2.586 
           5         0.01        0.008      24.8998     118      0.02647   0.00258527    0.0223983      1.18179      1.57498      2.04518 
           5         0.01        0.013      19.4837     119      0.02361   0.00206247    0.0224597      1.05121     0.557712     0.730333 
           5         0.01         0.02      15.6525     120      0.02137   0.00179762    0.0212525      1.00553      0.06538     0.085218 
           5         0.01        0.032      12.2984     121         0.02   0.00165263    0.0196921      1.01564     0.186304     0.243379 
           5         0.01         0.05      9.74679     122      0.01922   0.00158888    0.0182804       1.0514     0.591369      0.77288 
           5         0.01         0.08      7.58288     123      0.01657   0.00147399    0.0170745     0.970453     -0.34227    -0.441999 
         6.5         0.01        0.013      22.2149     124      0.02516   0.00226594    0.0275933     0.911816     -1.07386     -1.35558 
         6.5         0.01         0.02      17.8466     125      0.02356   0.00203668    0.0264441     0.890935      -1.4161     -1.76896 
         6.5         0.01        0.032      14.0223     126       0.0227   0.00187944    0.0242951     0.934347    -0.848682     -1.09101 
         6.5         0.01         0.05      11.1131     127      0.02205   0.00191048    0.0221855     0.993892   -0.0709333     -0.09005 
         6.5         0.01         0.08      8.64581     128      0.01938   0.00155524    0.0202589     0.956618    -0.565097    -0.760369 
         6.5         0.01         0.13      6.59545     129      0.01757   0.00148225    0.0192903     0.910822     -1.16058     -1.47704 
         8.5         0.01        0.013      25.4037     130      0.03654   0.00394361    0.0311259      1.17394      1.37289      1.61427 
         8.5         0.01         0.02      20.4083     131      0.03174   0.00265746    0.0310602      1.02189     0.255825     0.340158 
         8.5         0.01        0.032      16.0351     132      0.03085   0.00240373      0.02864      1.07716     0.919406      1.24178 
         8.5         0.01         0.05      12.7083     133      0.02431   0.00194267    0.0259109     0.938213    -0.824096     -1.07902 
         8.5         0.01         0.08      9.88686     134      0.02142   0.00168811    0.0232854      0.91989     -1.10502     -1.49506 
         8.5         0.01         0.13      7.54219     135      0.01919   0.00155249     0.021651     0.886334     -1.58518     -2.10122 
         8.5         0.01          0.2      5.83095     136      0.01961   0.00173269    0.0219638     0.892832     -1.35848     -1.67422 
          12         0.01         0.02      24.2487     137      0.03014   0.00194421    0.0351505     0.857456     -2.57714     -4.34328 
          12         0.01        0.032      19.0526     138      0.02966   0.00188288    0.0334945     0.885518     -2.03652     -3.47515 
          12         0.01         0.05      15.0997     139      0.02732    0.0017153    0.0302686     0.902584     -1.71903     -2.96506 
          12         0.01         0.08      11.7473     140      0.02545   0.00159322    0.0268463     0.947989      -0.8764     -1.50724 
          12         0.01         0.13      8.96146     141      0.02165   0.00136807    0.0243963     0.887429     -2.00745     -3.40977 
          12         0.01          0.2       6.9282     142      0.02283   0.00150609    0.0240013     0.951197    -0.777735     -1.22125 
          12         0.01         0.32      5.04975     143       0.0242   0.00173786    0.0256592     0.943133    -0.839635     -1.18685 
          15         0.01         0.02      27.1109     144      0.03639   0.00584544    0.0358275       1.0157     0.096235     0.106947 
          15         0.01        0.032      21.3014     145      0.03226   0.00198524    0.0359663     0.896951     -1.86694      -3.5677 
          15         0.01         0.05      16.8819     146      0.03067   0.00186281     0.032786      0.93546     -1.13593     -2.19719 
          15         0.01         0.08      13.1339     147      0.02573   0.00156213    0.0289619     0.888408     -2.06891     -3.97209 
          15         0.01         0.13      10.0192     148      0.02381   0.00142064    0.0260252     0.914882     -1.55931     -3.10124 
          15         0.01          0.2      7.74597     149      0.02299   0.00138284    0.0252036      0.91217     -1.60079     -3.14557 
          15         0.01         0.32      5.64579     150      0.02456   0.00148563    0.0264242      0.92945     -1.25485     -2.31402 
          20         0.01        0.032      24.5967     151      0.03445   0.00225325    0.0377898     0.911622      -1.4822     -2.44203 
          20         0.01         0.05      19.4936     152      0.03209   0.00200479    0.0355306     0.903166     -1.71618     -3.19092 
          20         0.01         0.08      15.1658     153      0.02971   0.00185348    0.0314446     0.944837    -0.935838     -1.66809 
          20         0.01         0.13      11.5692     154      0.02658   0.00159878    0.0279595     0.950659     -0.86287     -1.64127 
          20         0.01          0.2      8.94427     155      0.02542   0.00156328    0.0266284     0.954619    -0.773014      -1.4049 
          20         0.01         0.32       6.5192     156      0.02663   0.00158129    0.0273267     0.974505     -0.44058    -0.865352 
          20         0.01          0.5      4.47214     157       0.0287   0.00179576     0.028625      1.00262    0.0417793    0.0718157 
          25         0.01        0.032         27.5     158      0.03306   0.00700256    0.0365024     0.905695    -0.491585    -0.526008 
          25         0.01         0.05      21.7945     159      0.03307   0.00205513    0.0366233     0.902978     -1.72896     -3.33659 
          25         0.01         0.08      16.9558     160      0.03202   0.00196734     0.032875     0.973991    -0.434621    -0.844441 
          25         0.01         0.13      12.9347     161      0.02889   0.00176584    0.0291422     0.991347    -0.142807    -0.271058 
          25         0.01          0.2           10     162      0.02686   0.00160891    0.0275093     0.976397    -0.403565    -0.814425 
          25         0.01         0.32      7.28869     163      0.02769   0.00168773    0.0278483     0.994315   -0.0938122    -0.180817 
          25         0.01          0.5            5     164      0.03028   0.00186216    0.0287041       1.0549     0.846292      1.53808 
          25         0.01          0.8          2.5     165      0.02928   0.00259966    0.0244023      1.19988      1.87627        2.396 
          35         0.01         0.05      25.7876     166      0.03551   0.00235279    0.0373668      0.95031    -0.789175     -1.30721 
          35         0.01         0.08      20.0624     167      0.03243   0.00208765    0.0351058     0.923778     -1.28175     -2.15574 
          35         0.01         0.13      15.3046     168      0.03161   0.00190816    0.0311582       1.0145     0.236793     0.455449 
          35         0.01          0.2      11.8322     169      0.02963   0.00178298    0.0290178       1.0211      0.34335     0.630741 
          35         0.01         0.32      8.62409     170      0.02729   0.00173908    0.0287795     0.948246    -0.856458     -1.68193 
          35         0.01          0.5      5.91608     171      0.03171   0.00195602    0.0291032      1.08957       1.3327        2.315 
          35         0.01          0.8      2.95804     172       0.0284   0.00194224    0.0232693      1.22049      2.64164      4.20022 
          45         0.01         0.08      22.7486     173      0.03368    0.0022267    0.0360069     0.935375     -1.04502     -1.66013 
          45         0.01         0.13      17.3538     174      0.03212   0.00196694    0.0324049     0.991209    -0.144823     -0.26209 
          45         0.01          0.2      13.4164     175      0.02994   0.00183808    0.0300114     0.997622   -0.0388261   -0.0698351 
          45         0.01         0.32       9.7788     176       0.0291   0.00183168    0.0293957     0.989941     -0.16143    -0.305262 
          45         0.01          0.5       6.7082     177      0.03255   0.00203144    0.0293245      1.10999      1.58779      2.68607 
          45         0.01          0.8       3.3541     178      0.02606   0.00181019    0.0224458      1.16102      1.99662       3.0858 
          60         0.01         0.13      20.0384     179      0.03316   0.00216228    0.0334133      0.99242     -0.11714    -0.187195 
          60         0.01          0.2      15.4919     180      0.03013    0.0018683    0.0309704     0.972864    -0.449834    -0.837973 
          60         0.01         0.32      11.2916     181      0.03138   0.00191238    0.0300047      1.04583     0.719137      1.31663 
          60         0.01          0.5      7.74597     182      0.03225   0.00210714    0.0294957      1.09338      1.30711      2.36866 
          60         0.01          0.8      3.87298     183      0.02516   0.00168685    0.0215286      1.16868      2.15279      3.66252 
          90         0.01          0.2      18.9737     184      0.03061   0.00225353    0.0318922     0.959795    -0.568984    -0.824528 
          90         0.01         0.32      13.8293     185      0.03095    0.0020427    0.0307027      1.00806     0.121089     0.185807 
          90         0.01          0.5      9.48683     186      0.03039   0.00196222     0.029632      1.02558     0.386312     0.646191 
          90         0.01          0.8      4.74342     187      0.02396   0.00165965    0.0203082      1.17982      2.20036      3.51049 
         200         0.01         0.32      20.6155     188       0.0321   0.00374182    0.0310036      1.03536     0.293015      0.50035 
         200         0.01          0.5      14.1421     189       0.0315   0.00365481    0.0294946      1.06799     0.548689      0.99363 
         200         0.01          0.8      7.07107     190       0.0211   0.00261938    0.0181355      1.16347      1.13177      1.61836 
         400         0.01          0.8           10     191       0.0196   0.00335813    0.0164995      1.18791     0.923283      1.14808 
         3.5         0.03       0.0017      45.3357     192      0.01919   0.00592328    0.0178145      1.07721     0.232214     0.244237 
         3.5         0.03       0.0027      35.9555     193      0.02575   0.00522788    0.0176419      1.45959      1.55093      1.75267 
         3.5         0.03       0.0043      28.4685     194      0.02418   0.00463928    0.0163036       1.4831      1.69775      1.90673 
         3.5         0.03       0.0067      22.7791     195       0.0203   0.00379273    0.0150407      1.34967      1.38667      1.53289 
         3.5         0.03        0.011      17.7393     196      0.01811   0.00349429    0.0139047      1.30244      1.20349      1.31799 
           5         0.03       0.0027       42.975     197      0.03776   0.00974164    0.0265626      1.42155      1.14943      1.40623 
           5         0.03       0.0043      34.0263     198      0.03206   0.00619605    0.0256591      1.24946      1.03307      1.11958 
           5         0.03       0.0067      27.2262     199      0.02984   0.00538965    0.0238312      1.25214      1.11488      1.24859 
           5         0.03        0.011      21.2025     200      0.02269   0.00437252    0.0217407      1.04367     0.217115     0.235927 
           5         0.03        0.017      17.0035     201      0.02157   0.00402192    0.0201287       1.0716      0.35836     0.400181 
         6.5         0.03       0.0027      48.9991     202      0.04277    0.0151513    0.0306457      1.39563     0.800218     0.830936 
         6.5         0.03       0.0043       38.796     203      0.02261   0.00463637    0.0317741     0.711585     -1.97657     -2.19367 
         6.5         0.03       0.0067      31.0427     204      0.02536   0.00483053    0.0300061     0.845163    -0.961812     -1.06181 
         6.5         0.03        0.011      24.1746     205      0.02534   0.00485967    0.0273217     0.927468    -0.407785    -0.449569 
         6.5         0.03        0.017      19.3869     206      0.02571   0.00471461    0.0250479      1.02643     0.140427     0.151098 
         6.5         0.03        0.027      15.3049     207      0.02512   0.00453129    0.0228161      1.10098     0.508443     0.562219 
         6.5         0.03        0.043      12.0276     208      0.02256   0.00413931    0.0207536      1.08704     0.436397     0.475716 
         8.5         0.03       0.0043      44.3649     209      0.03435     0.008582    0.0363953     0.943802     -0.23833    -0.258291 
         8.5         0.03       0.0067      35.4987     210      0.02474    0.0048734    0.0357425     0.692174     -2.25766     -2.39095 
         8.5         0.03        0.011      27.6447     211      0.03042   0.00532993    0.0327597     0.928581    -0.438969    -0.478122 
         8.5         0.03        0.017      22.1698     212      0.02617   0.00458692    0.0298684     0.876177    -0.806287    -0.891338 
         8.5         0.03        0.027      17.5019     213      0.02631   0.00449416    0.0269075     0.977794    -0.132953    -0.147927 
         8.5         0.03        0.043      13.7541     214      0.02782   0.00514783    0.0241291      1.15297     0.716984     0.779327 
          12         0.03       0.0067      42.1787     215      0.03331   0.00767562    0.0413243     0.806063     -1.04413     -1.09726 
          12         0.03        0.011      32.8468     216      0.03641   0.00650038    0.0391157     0.930828    -0.416237    -0.445054 
          12         0.03        0.017      26.3416     217      0.03224   0.00582296    0.0356865     0.903424    -0.591876    -0.657205 
          12         0.03        0.027      20.7953     218      0.03637   0.00648305    0.0318607      1.14153      0.69556     0.769043 
          12         0.03        0.043      16.3423     219      0.02906   0.00547185    0.0281846      1.03106     0.159975     0.171767 
          12         0.03        0.067      12.9269     220      0.02413   0.00451985    0.0250467     0.963402    -0.202806    -0.216282 
          15         0.03       0.0067      47.1572     221      0.04792   0.00997542    0.0428639      1.11796     0.506854     0.543806 
          15         0.03        0.011      36.7238     222      0.03531   0.00553455    0.0425964     0.828943     -1.31653     -1.51104 
          15         0.03        0.017      29.4509     223      0.03527   0.00516293    0.0391733     0.900359    -0.756017    -0.880596 
          15         0.03        0.027      23.2499     224      0.03085   0.00465263    0.0348947     0.884088    -0.869343    -0.986427 
          15         0.03        0.043      18.2712     225      0.02592    0.0040625    0.0306728      0.84505     -1.16991     -1.36723 
          15         0.03        0.067      14.4527     226      0.02366   0.00354971    0.0270453     0.874827    -0.953695     -1.08315 
          15         0.03         0.11      11.0165     227      0.02278   0.00357486    0.0238095     0.956762    -0.287975    -0.329132 
          20         0.03        0.011       42.405     228      0.03178   0.00561068    0.0456827     0.695668     -2.47791     -2.79556 
          20         0.03        0.017      34.0069     229      0.03851   0.00609639    0.0431547     0.892372     -0.76187    -0.860681 
          20         0.03        0.027      26.8466     230      0.03118   0.00456071    0.0385605       0.8086     -1.61827     -1.82486 
          20         0.03        0.043      21.0978     231      0.02917   0.00425242    0.0337125     0.865258     -1.06822     -1.20819 
          20         0.03        0.067      16.6885     232      0.02773   0.00405503    0.0294828     0.940549    -0.432251    -0.488879 
          20         0.03         0.11      12.7208     233      0.02288   0.00347535    0.0256418     0.892292     -0.79469     -0.89879 
          25         0.03        0.011      47.4102     234      0.03729     0.010915    0.0450553      0.82765     -0.71143     -0.74309 
          25         0.03        0.017      38.0209     235      0.03875   0.00622405     0.045025     0.860633     -1.00818     -1.13709 
          25         0.03        0.027      30.0154     236      0.03755    0.0055664    0.0408059      0.92021    -0.584923    -0.660745 
          25         0.03        0.043       23.588     237      0.02978   0.00430895    0.0356693     0.834892     -1.36676      -1.5112 
          25         0.03        0.067      18.6584     238      0.02655   0.00418405    0.0310441     0.855234     -1.07411     -1.23054 
          25         0.03         0.11      14.2223     239      0.02491    0.0037591    0.0267792       0.9302    -0.497246    -0.573965 
          25         0.03         0.17       11.048     240      0.02562     0.003895    0.0244261      1.04888     0.306517     0.352765 
          35         0.03        0.017      44.9869     241      0.05337    0.0108338    0.0469451      1.13686     0.593044     0.634873 
          35         0.03        0.027      35.5147     242      0.04213   0.00639252    0.0444148     0.948558    -0.357412    -0.394214 
          35         0.03        0.043      27.9097     243      0.04063   0.00618738    0.0390442      1.04062     0.256303     0.279216 
          35         0.03        0.067      22.0769     244      0.03063   0.00470467    0.0338046     0.906089    -0.674779    -0.763887 
          35         0.03         0.11       16.828     245      0.02992   0.00459825    0.0288288      1.03785     0.237317     0.271952 
          35         0.03         0.17      13.0722     246      0.02493   0.00390741    0.0259125     0.962083    -0.251451     -0.28511 
          35         0.03         0.27      9.72778     247       0.0284   0.00442138    0.0247183      1.14895     0.832704      0.95975 
          45         0.03        0.027      40.2699     248      0.05064   0.00916318    0.0461441      1.09743     0.490651      0.52308 
          45         0.03        0.043      31.6467     249      0.04048   0.00628966    0.0412276     0.981866    -0.118868    -0.128616 
          45         0.03        0.067      25.0328     250      0.03804   0.00646311    0.0356937      1.06573     0.363033     0.401463 
          45         0.03         0.11      19.0812     251      0.02427    0.0039952    0.0302458     0.802427     -1.49573      -1.6932 
          45         0.03         0.17      14.8225     252      0.02521   0.00413698    0.0269356     0.935936    -0.417116    -0.480643 
          45         0.03         0.27      11.0303     253      0.02092   0.00342916    0.0253674     0.824681     -1.29693     -1.46771 
          60         0.03        0.043      36.5424     254        0.039   0.00742097    0.0431213     0.904426    -0.555352    -0.597176 
          60         0.03        0.067      28.9054     255      0.03913   0.00632334    0.0375927      1.04089      0.24312     0.265895 
          60         0.03         0.11       22.033     256      0.02613   0.00422006    0.0317083     0.824075     -1.32185     -1.45872 
          60         0.03         0.17      17.1155     257      0.02548    0.0043259    0.0279809      0.91062    -0.578127    -0.684441 
          60         0.03         0.27      12.7366     258      0.02165   0.00443614    0.0260088      0.83241    -0.982571      -1.1042 
          60         0.03         0.43      8.91823     259      0.02698   0.00474403    0.0253122      1.06589     0.351559      0.41928 
          90         0.03        0.067      35.4017     260      0.03286    0.0130657    0.0396388     0.828986    -0.518824    -0.529603 
          90         0.03         0.11      26.9848     261      0.03379   0.00657396    0.0335462      1.00727      0.03709    0.0390241 
          90         0.03         0.17      20.9622     262      0.03622   0.00621656    0.0293403      1.23448      1.10668      1.21974 
          90         0.03         0.27      15.5991     263      0.02668    0.0044977    0.0268547     0.993496   -0.0388347   -0.0424254 
          90         0.03         0.43      10.9226     264      0.03214    0.0056432    0.0256431      1.25336      1.15128      1.25211 
          90         0.03         0.67      6.65795     265      0.02818   0.00735714    0.0220185      1.27983     0.837482     0.890746 
         200         0.03         0.11      40.2266     266       0.0361   0.00587732    0.0353287      1.02183     0.131231     0.171223 
         200         0.03         0.17      31.2485     267       0.0331   0.00525217    0.0312576      1.05894     0.350793     0.460271 
         200         0.03         0.27      23.2538     268       0.0283   0.00434421      0.02811      1.00676    0.0437312    0.0545754 
         200         0.03         0.43      16.2824     269       0.0309   0.00474765    0.0259999      1.18847      1.03211      1.28011 
         200         0.03         0.67      9.92509     270       0.0297   0.00505179    0.0209111       1.4203      1.73975      2.23664 
         400         0.03         0.27      32.8859     271       0.0322   0.00552584    0.0286443      1.12413     0.643475     0.820863 
         400         0.03         0.43      23.0268     272       0.0293   0.00466459    0.0261016      1.12254     0.685673     0.835207 
         400         0.03         0.67      14.0362     273       0.0289   0.00502204    0.0199671      1.44738      1.77875      2.25908 
         800         0.03         0.43      32.5648     274       0.0391   0.00797918    0.0258565      1.51219      1.65975      1.97263 
         800         0.03         0.67      19.8502     275       0.0228   0.00502273    0.0190747       1.1953     0.741688     0.890877 
        1600         0.03         0.67      28.0724     276       0.0214   0.00702497    0.0183243      1.16785     0.437821     0.478647 
