          Q2           xp         beta           mx   iData         Data       ErrTot       Theory        Ratio         Pull      PullUnc 
          12       0.0003         0.67      2.43114       0      0.06314   0.00422849    0.0191678      3.29407       10.399      36.2544 
          12        0.001          0.2       6.9282       1      0.03227   0.00177925    0.0726678     0.444076      -22.705     -69.4411 
          12        0.001         0.32      5.04975       2       0.0365   0.00200318    0.0557464      0.65475     -9.60793     -27.1573 
          12        0.001          0.5       3.4641       3      0.04438   0.00249596    0.0294094      1.50904      5.99796      14.7928 
          15        0.001          0.2      7.74597       4      0.04107   0.00543786    0.0735176     0.558642     -5.96697     -6.70188 
          15        0.001         0.32      5.64579       5       0.0384    0.0020853    0.0604724        0.635     -10.5848     -32.2842 
          15        0.001          0.5      3.87298       6      0.04522   0.00252666    0.0340688      1.32731       4.4134       11.599 
          20        0.001         0.32       6.5192       7      0.03892   0.00213316    0.0644442     0.603934     -11.9654     -34.1402 
          20        0.001          0.5      4.47214       8      0.04528   0.00251538    0.0393726      1.15004      2.34849      6.32837 
          20        0.001          0.8      2.23607       9       0.0451   0.00283987    0.0160783      2.80502      10.2194      23.9485 
          25        0.001         0.32      7.28869      10      0.05186    0.0128154    0.0650304     0.797474      -1.0277     -1.06075 
          25        0.001          0.5            5      11      0.04764   0.00268353    0.0427032      1.11561      1.83966      5.02665 
          25        0.001          0.8          2.5      12      0.04499   0.00278502    0.0168325      2.67281      10.1103      23.2922 
          35        0.001          0.5      5.91608      13      0.04718    0.0028087    0.0460343      1.02489     0.407895     0.927791 
          35        0.001          0.8      2.95804      14      0.04344   0.00278897    0.0176341      2.46341      9.25284      19.5325 
          45        0.001          0.8       3.3541      15      0.04048   0.00285463    0.0181124      2.23493      7.83555      15.0276 
          12        0.003        0.067      12.9269      16      0.02712   0.00155509    0.0852591     0.318089     -37.3863     -93.1195 
          12        0.003         0.11      9.85347      17      0.02698   0.00150678    0.0822259     0.328121     -36.6649      -92.222 
          12        0.003         0.17       7.6543      18      0.02655   0.00147227    0.0715177     0.371237     -30.5432     -76.2804 
          12        0.003         0.27        5.696      19      0.02751    0.0015435    0.0549617      0.50053     -17.7853       -43.76 
          12        0.003         0.43      3.98836      20      0.03388   0.00191624    0.0321876      1.05258     0.883162      2.13187 
          12        0.003         0.67      2.43114      21      0.04193   0.00242361    0.0136568      3.07026      11.6657      25.6886 
          15        0.003        0.067      14.4527      22      0.03764    0.0058291    0.0873042     0.431136     -8.52006     -9.30555 
          15        0.003         0.11      11.0165      23       0.0278    0.0015568    0.0879418     0.316118     -38.6317     -103.965 
          15        0.003         0.17      8.55776      24      0.02732   0.00151053      0.07722     0.353794     -33.0349     -88.5984 
          15        0.003         0.27      6.36832      25      0.02903    0.0015762     0.060113     0.482924     -19.7202     -51.9375 
          15        0.003         0.43      4.45912      26      0.03449    0.0018957    0.0366332     0.941495     -1.13057     -2.82164 
          15        0.003         0.67       2.7181      27      0.04031   0.00229023    0.0156879      2.56949      10.7509      24.5906 
          20        0.003         0.11      12.7208      28      0.02754   0.00157364    0.0929884     0.296166     -41.5904     -104.216 
          20        0.003         0.17      9.88165      29      0.02996   0.00165378    0.0837205     0.357857     -32.5076     -89.7204 
          20        0.003         0.27      7.35351      30      0.03194   0.00170842    0.0662107     0.482399     -20.0599     -55.8567 
          20        0.003         0.43      5.14894      31      0.03618   0.00196608    0.0418571      0.86437      -2.8875     -7.61132 
          20        0.003         0.67      3.13859      32      0.03927   0.00223667    0.0179536       2.1873      9.53042      22.5392 
          25        0.003         0.11      14.2223      33      0.03645   0.00775255    0.0937716      0.38871     -7.39391     -7.79236 
          25        0.003         0.17       11.048      34      0.03156   0.00171676    0.0877751     0.359555     -32.7449     -86.4015 
          25        0.003         0.27      8.22147      35      0.03205   0.00172981    0.0704611     0.454861     -22.2054       -62.39 
          25        0.003         0.43      5.75669      36      0.03706   0.00200364     0.045484     0.814792     -4.20434     -11.3653 
          25        0.003         0.67      3.50905      37      0.03909   0.00225268    0.0196778      1.98651      8.61738      20.6203 
          35        0.003         0.17      13.0722      38      0.03132   0.00179729    0.0906106     0.345655     -32.9889     -78.6049 
          35        0.003         0.27      9.72778      39       0.0333   0.00178178    0.0757145      0.43981     -23.8045     -63.6855 
          35        0.003         0.43      6.81141      40      0.03691   0.00201692    0.0502661     0.734293       -6.622     -16.9084 
          35        0.003         0.67      4.15196      41      0.03975   0.00237371    0.0220651      1.80149      7.45033      17.9112 
          45        0.003         0.27      11.0303      42      0.03306   0.00184337    0.0782465     0.422511     -24.5129     -56.4621 
          45        0.003         0.43      7.72342      43      0.03872   0.00213522     0.053185     0.728025     -6.77446     -16.4779 
          45        0.003         0.67      4.70788      44      0.03844    0.0023571    0.0235548      1.63194      6.31505      13.6736 
          60        0.003         0.43      8.91823      45      0.03776   0.00214967    0.0557032     0.677878     -8.34698     -17.6604 
          60        0.003         0.67       5.4362      46      0.03728   0.00233559    0.0249499      1.49419      5.27923      10.6195 
          90        0.003         0.67      6.65795      47      0.03532   0.00279854    0.0262946      1.34324      3.22505      4.82051 
          12         0.01         0.02      24.2487      48      0.03014   0.00194421    0.0927664     0.324902     -32.2118     -54.2869 
          12         0.01        0.032      19.0526      49      0.02966   0.00188288    0.0892523     0.332316     -31.6495     -54.0071 
          12         0.01         0.05      15.0997      50      0.02732    0.0017153    0.0822012     0.332355     -31.9952     -55.1868 
          12         0.01         0.08      11.7473      51      0.02545   0.00159322    0.0733315     0.347054     -30.0533     -51.6859 
          12         0.01         0.13      8.96146      52      0.02165   0.00136807    0.0657861     0.329097     -32.2616     -54.7984 
          12         0.01          0.2       6.9282      53      0.02283   0.00150609    0.0549018     0.415833     -21.2948     -33.4384 
          12         0.01         0.32      5.04975      54       0.0242   0.00173786    0.0390389     0.619894     -8.53862     -12.0696 
          15         0.01         0.02      27.1109      55      0.03639   0.00584544    0.0966598     0.376475     -10.3106     -11.4582 
          15         0.01        0.032      21.3014      56      0.03226   0.00198524     0.096705     0.333592     -32.4622     -62.0348 
          15         0.01         0.05      16.8819      57      0.03067   0.00186281    0.0896424     0.342137     -31.6578     -61.2346 
          15         0.01         0.08      13.1339      58      0.02573   0.00156213    0.0798116     0.322384     -34.6204     -66.4675 
          15         0.01         0.13      10.0192      59      0.02381   0.00142064    0.0713714     0.333607     -33.4788     -66.5847 
          15         0.01          0.2      7.74597      60      0.02299   0.00138284    0.0595959     0.385765     -26.4715     -52.0167 
          15         0.01         0.32      5.64579      61      0.02456   0.00148563    0.0430447     0.570569     -12.4424     -22.9445 
          20         0.01        0.032      24.5967      62      0.03445   0.00225325     0.103775     0.331967     -30.7668     -50.6903 
          20         0.01         0.05      19.4936      63      0.03209   0.00200479    0.0985192     0.325723     -33.1352     -61.6087 
          20         0.01         0.08      15.1658      64      0.02971   0.00185348    0.0879373     0.337854      -31.415     -55.9958 
          20         0.01         0.13      11.5692      65      0.02658   0.00159878    0.0784315     0.338895     -32.4319     -61.6888 
          20         0.01          0.2      8.94427      66      0.02542   0.00156328    0.0653919     0.388733     -25.5693     -46.4704 
          20         0.01         0.32       6.5192      67      0.02663   0.00158129    0.0478482     0.556552     -13.4182      -26.355 
          20         0.01          0.5      4.47214      68       0.0287   0.00179576    0.0273544      1.04919       0.7493      1.28799 
          25         0.01        0.032         27.5      69      0.03306   0.00700256     0.105559      0.31319     -10.3532     -11.0782 
          25         0.01         0.05      21.7945      70      0.03307   0.00205513     0.104285     0.317113      -34.652     -66.8722 
          25         0.01         0.08      16.9558      71      0.03202   0.00196734    0.0939097     0.340966     -31.4586      -61.122 
          25         0.01         0.13      12.9347      72      0.02889   0.00176584    0.0837836     0.344817     -31.0864     -59.0044 
          25         0.01          0.2           10      73      0.02686   0.00160891    0.0697393     0.385149     -26.6511     -53.7841 
          25         0.01         0.32      7.28869      74      0.02769   0.00168773    0.0513109     0.539651     -13.9957     -26.9757 
          25         0.01          0.5            5      75      0.03028   0.00186216     0.029969      1.01038     0.166989     0.303492 
          25         0.01          0.8          2.5      76      0.02928   0.00259966     0.011572      2.53026      6.81167      8.69854 
          35         0.01         0.05      25.7876      77      0.03551   0.00235279     0.108955     0.325913     -31.2164     -51.7076 
          35         0.01         0.08      20.0624      78      0.03243   0.00208765     0.101684     0.318929     -33.1732     -55.7929 
          35         0.01         0.13      15.3046      79      0.03161   0.00190816    0.0913762     0.345933     -31.3214     -60.2438 
          35         0.01          0.2      11.8322      80      0.02963   0.00178298     0.075991     0.389915      -26.002     -47.7663 
          35         0.01         0.32      8.62409      81      0.02729   0.00173908    0.0560957      0.48649     -16.5637     -32.5282 
          35         0.01          0.5      5.91608      82      0.03171   0.00195602    0.0334704     0.947404    -0.899987     -1.56335 
          35         0.01          0.8      2.95804      83       0.0284   0.00194224    0.0120867       2.3497      8.39925      13.3548 
          45         0.01         0.08      22.7486      84      0.03368    0.0022267       0.1057     0.318637     -32.3439     -51.3817 
          45         0.01         0.13      17.3538      85      0.03212   0.00196694    0.0964024     0.333187     -32.6814     -59.1444 
          45         0.01          0.2      13.4164      86      0.02994   0.00183808    0.0802905     0.372896      -27.393     -49.2707 
          45         0.01         0.32       9.7788      87       0.0291   0.00183168    0.0592889     0.490817     -16.4815     -31.1663 
          45         0.01          0.5       6.7082      88      0.03255   0.00203144    0.0357025     0.911701     -1.55184     -2.62526 
          45         0.01          0.8       3.3541      89      0.02606   0.00181019    0.0124113       2.0997      7.53995      11.6531 
          60         0.01         0.13      20.0384      90      0.03316   0.00216228     0.101017     0.328262     -31.3822     -50.1502 
          60         0.01          0.2      15.4919      91      0.03013    0.0018683    0.0847029     0.355714     -29.2099     -54.4137 
          60         0.01         0.32      11.2916      92      0.03138   0.00191238    0.0626124     0.501179     -16.3317     -29.9008 
          60         0.01          0.5      7.74597      93      0.03225   0.00210714    0.0378778     0.851422     -2.67083     -4.83991 
          60         0.01          0.8      3.87298      94      0.02516   0.00168685    0.0127043      1.98043      7.38401      12.5624 
          90         0.01          0.2      18.9737      95      0.03061   0.00225353     0.089424     0.342302     -26.0986     -37.8201 
          90         0.01         0.32      13.8293      96      0.03095    0.0020427    0.0665779     0.464869     -17.4416     -26.7636 
          90         0.01          0.5      9.48683      97      0.03039   0.00196222     0.040295     0.754187     -5.04789      -8.4437 
          90         0.01          0.8      4.74342      98      0.02396   0.00165965    0.0129437       1.8511      6.63775        10.59 
         200         0.01         0.32      20.6155      99       0.0321   0.00374182    0.0705562     0.454957     -10.2774     -17.5496 
         200         0.01          0.5      14.1421     100       0.0315   0.00365481    0.0433523     0.726606     -3.24291     -5.87264 
         200         0.01          0.8      7.07107     101       0.0211   0.00261938    0.0128741      1.63895      3.14042      4.49059 
         400         0.01          0.8           10     102       0.0196   0.00335813    0.0124259      1.57736      2.13635      2.65649 
          12         0.03       0.0067      42.1787     103      0.03331   0.00767562     0.105168      0.31673      -9.3619     -9.83832 
          12         0.03        0.011      32.8468     104      0.03641   0.00650038     0.101659      0.35816     -10.0376     -10.7326 
          12         0.03        0.017      26.3416     105      0.03224   0.00582296    0.0949895     0.339406     -10.7762     -11.9657 
          12         0.03        0.027      20.7953     106      0.03637   0.00648305     0.087195     0.417111     -7.83968     -8.66791 
          12         0.03        0.043      16.3423     107      0.02906   0.00547185    0.0793085     0.366417     -9.18309     -9.85999 
          12         0.03        0.067      12.9269     108      0.02413   0.00451985    0.0716943     0.336568     -10.5234     -11.2227 
          15         0.03       0.0067      47.1572     109      0.04792   0.00997542     0.110591     0.433307     -6.28258     -6.74061 
          15         0.03        0.011      36.7238     110      0.03531   0.00553455      0.11105     0.317964      -13.685     -15.7069 
          15         0.03        0.017      29.4509     111      0.03527   0.00516293     0.104298     0.338166     -13.3699      -15.573 
          15         0.03        0.027      23.2499     112      0.03085   0.00465263     0.095475     0.323121       -13.89     -15.7607 
          15         0.03        0.043      18.2712     113      0.02592    0.0040625    0.0863747     0.300088     -14.8812     -17.3911 
          15         0.03        0.067      14.4527     114      0.02366   0.00354971    0.0776472     0.304712     -15.2089     -17.2734 
          15         0.03         0.11      11.0165     115      0.02278   0.00357486    0.0694352     0.328076     -13.0509     -14.9161 
          20         0.03        0.011       42.405     116      0.03178   0.00561068     0.120725     0.263243     -15.8528     -17.8851 
          20         0.03        0.017      34.0069     117      0.03851   0.00609639      0.11573     0.332757     -12.6665     -14.3093 
          20         0.03        0.027      26.8466     118      0.03118   0.00456071     0.106071     0.293954     -16.4209     -18.5172 
          20         0.03        0.043      21.0978     119      0.02917   0.00425242    0.0954797      0.30551     -15.5934     -17.6367 
          20         0.03        0.067      16.6885     120      0.02773   0.00405503     0.085294     0.325111     -14.1957     -16.0554 
          20         0.03         0.11      12.7208     121      0.02288   0.00347535    0.0758214     0.301762     -15.2334     -17.2289 
          25         0.03        0.011      47.4102     122      0.03729     0.010915     0.124378     0.299811     -7.97875     -8.33381 
          25         0.03        0.017      38.0209     123      0.03875   0.00622405     0.123505     0.313751     -13.6174     -15.3586 
          25         0.03        0.027      30.0154     124      0.03755    0.0055664     0.114046     0.329254     -13.7424     -15.5238 
          25         0.03        0.043       23.588     125      0.02978   0.00430895     0.102485      0.29058      -16.873     -18.6562 
          25         0.03        0.067      18.6584     126      0.02655   0.00418405     0.091187      0.29116     -15.4484     -17.6984 
          25         0.03         0.11      14.2223     127      0.02491    0.0037591    0.0807343     0.308543     -14.8505     -17.1417 
          25         0.03         0.17       11.048     128      0.02562     0.003895    0.0682654       0.3753     -10.9488     -12.6007 
          35         0.03        0.017      44.9869     129      0.05337    0.0108338     0.130982     0.407459     -7.16389     -7.66918 
          35         0.03        0.027      35.5147     130      0.04213   0.00639252     0.124917     0.337264     -12.9506     -14.2841 
          35         0.03        0.043      27.9097     131      0.04063   0.00618738     0.112681     0.360574     -11.6449     -12.6859 
          35         0.03        0.067      22.0769     132      0.03063   0.00470467    0.0998678     0.306706     -14.7168     -16.6602 
          35         0.03         0.11       16.828     133      0.02992   0.00459825    0.0879822     0.340069      -12.627     -14.4699 
          35         0.03         0.17      13.0722     134      0.02493   0.00390741    0.0740161     0.336818     -12.5623     -14.2439 
          35         0.03         0.27      9.72778     135       0.0284   0.00442138    0.0574174     0.494623     -6.56299      -7.5643 
          45         0.03        0.027      40.2699     136      0.05064   0.00916318     0.131102     0.386263     -8.78104     -9.36143 
          45         0.03        0.043      31.6467     137      0.04048   0.00628966      0.11972     0.338121     -12.5985     -13.6317 
          45         0.03        0.067      25.0328     138      0.03804   0.00646311     0.106088     0.358572     -10.5286     -11.6431 
          45         0.03         0.11      19.0812     139      0.02427    0.0039952      0.09317     0.260492     -17.2457     -19.5225 
          45         0.03         0.17      14.8225     140      0.02521   0.00413698    0.0780907      0.32283     -12.7824     -14.7292 
          45         0.03         0.27      11.0303     141      0.02092   0.00342916    0.0604031      0.34634     -11.5139     -13.0301 
          60         0.03        0.043      36.5424     142        0.039   0.00742097      0.12644     0.308447     -11.7828     -12.6702 
          60         0.03        0.067      28.9054     143      0.03913   0.00632334     0.112657     0.347337     -11.6279     -12.7172 
          60         0.03         0.11       22.033     144      0.02613   0.00422006    0.0988213     0.264417     -17.2252     -19.0088 
          60         0.03         0.17      17.1155     145      0.02548    0.0043259    0.0825066     0.308824     -13.1826     -15.6068 
          60         0.03         0.27      12.7366     146      0.02165   0.00443614    0.0635925     0.340449     -9.45473     -10.6251 
          60         0.03         0.43      8.91823     147      0.02698   0.00474403    0.0420226     0.642035     -3.17086     -3.78166 
          90         0.03        0.067      35.4017     148      0.03286    0.0130657     0.120363     0.273008     -6.69715     -6.83629 
          90         0.03         0.11      26.9848     149      0.03379   0.00657396     0.106008      0.31875     -10.9855     -11.5583 
          90         0.03         0.17      20.9622     150      0.03622   0.00621656    0.0881675     0.410809     -8.35631     -9.21001 
          90         0.03         0.27      15.5991     151      0.02668    0.0044977    0.0676082     0.394626     -9.09982     -9.94121 
          90         0.03         0.43      10.9226     152      0.03214    0.0056432    0.0444394     0.723231     -2.17952     -2.37039 
          90         0.03         0.67      6.65795     153      0.02818   0.00735714    0.0203122      1.38735      1.06942      1.13743 
         200         0.03         0.11      40.2266     154       0.0361   0.00587732      0.11462     0.314954     -13.3598     -17.4312 
         200         0.03         0.17      31.2485     155       0.0331   0.00525217    0.0968303     0.341835     -12.1341      -15.921 
         200         0.03         0.27      23.2538     156       0.0283   0.00434421    0.0739349     0.382769     -10.5048     -13.1096 
         200         0.03         0.43      16.2824     157       0.0309   0.00474765    0.0480118     0.643591     -3.60427     -4.47034 
         200         0.03         0.67      9.92509     158       0.0297   0.00505179    0.0210777      1.40907      1.70678      2.19424 
         400         0.03         0.27      32.8859     159       0.0322   0.00552584    0.0770415     0.417956     -8.11487     -10.3519 
         400         0.03         0.43      23.0268     160       0.0293   0.00466459     0.049933     0.586786     -4.42333     -5.38799 
         400         0.03         0.67      14.0362     161       0.0289   0.00502204     0.021181      1.36443      1.53703      1.95209 
         800         0.03         0.43      32.5648     162       0.0391   0.00797918    0.0504601      0.77487     -1.42372      -1.6921 
         800         0.03         0.67      19.8502     163       0.0228   0.00502273    0.0210029      1.08556     0.357784     0.429751 
        1600         0.03         0.67      28.0724     164       0.0214   0.00702497    0.0206619      1.03572     0.105063      0.11486 
