          Q2           xp         beta           mx   iData         Data       ErrTot       Theory        Ratio         Pull      PullUnc 
        15.3         0.05       0.0056      52.1233       0     0.054145   0.00811453     0.125894     0.430083     -8.84209      -18.791 
        15.3        0.075       0.0056      52.1233       1     0.065416    0.0134549     0.142359     0.459514     -5.71859     -11.7621 
        15.3        0.016       0.0178       29.056       2     0.038896   0.00488992     0.101359     0.383745     -12.7738      -33.106 
        15.3        0.025       0.0178       29.056       3     0.036244   0.00430694     0.102346     0.354131     -15.3479     -40.9356 
        15.3        0.035       0.0178       29.056       4     0.036465     0.004779     0.103541      0.35218     -14.0355     -31.6866 
        15.3         0.05       0.0178       29.056       5     0.038896   0.00488311     0.108039     0.360018     -14.1596     -34.8825 
        15.3        0.075       0.0178       29.056       6     0.046631   0.00708055     0.120542     0.386845     -10.4386     -22.5741 
        15.3         0.09       0.0178       29.056       7     0.051714     0.010362      0.12997     0.397893     -7.55213     -14.9423 
        15.3       0.0085       0.0562      16.0294       8     0.029614   0.00462396    0.0884164     0.334938     -12.7169     -44.1251 
        15.3        0.016       0.0562      16.0294       9     0.026962   0.00309171    0.0827585     0.325791     -18.0471     -52.9065 
        15.3        0.025       0.0562      16.0294      10     0.024973   0.00287819    0.0806979     0.309463     -19.3611      -49.477 
        15.3        0.035       0.0562      16.0294      11     0.026741   0.00376925     0.081425     0.328413     -14.5079      -32.983 
        15.3         0.05       0.0562      16.0294      12      0.03094   0.00415461    0.0856631     0.361182     -13.1717     -30.4674 
        15.3        0.075       0.0562      16.0294      13     0.038454   0.00614687    0.0973207     0.395127      -9.5767     -19.8093 
        15.3         0.09       0.0562      16.0294      14     0.035802   0.00746547     0.105989     0.337788     -9.40161     -18.4455 
        15.3       0.0025        0.178      8.40566      15     0.030056   0.00319415    0.0773252     0.388696     -14.7987     -45.7638 
        15.3       0.0085        0.178      8.40566      16     0.024531   0.00260699    0.0643742     0.381069     -15.2832     -47.2622 
        15.3        0.016        0.178      8.40566      17     0.021658   0.00249406    0.0594248     0.364461     -15.1427     -44.1924 
        15.3        0.025        0.178      8.40566      18     0.021437   0.00308417    0.0578395     0.370629      -11.803     -27.5398 
        15.3        0.035        0.178      8.40566      19     0.025857     0.010347    0.0583795     0.442913     -3.14318     -5.54784 
        15.3         0.05        0.178      8.40566      20     0.029614    0.0102513    0.0615026     0.481508     -3.11068     -5.60564 
        15.3       0.0009        0.562      3.45314      21      0.03978   0.00757963    0.0275172      1.44564      1.61787      3.26762 
        15.3       0.0025        0.562      3.45314      22     0.038233   0.00458334     0.023197      1.64819      3.28059      15.6809 
        15.3       0.0085        0.562      3.45314      23     0.035802   0.00407577    0.0191592      1.86866      4.08336      13.9276 
        15.3        0.016        0.562      3.45314      24     0.033371    0.0128481    0.0181975      1.83382      1.18099      2.06464 
        15.3        0.035        0.562      3.45314      25     0.020774     0.010735    0.0195739      1.06131     0.111794     0.199204 
        26.5        0.075       0.0056      68.5977      26     0.079339    0.0247778     0.164635      0.48191     -3.44242     -6.32399 
        26.5        0.025       0.0178      38.2396      27     0.039559   0.00658084     0.120342      0.32872     -12.2756     -25.1441 
        26.5        0.035       0.0178      38.2396      28     0.044642    0.0077914     0.124616     0.358237     -10.2644     -20.8308 
        26.5         0.05       0.0178      38.2396      29      0.05525   0.00814596     0.129908     0.425302     -9.16501      -19.799 
        26.5        0.075       0.0178      38.2396      30     0.055029    0.0113724      0.14244      0.38633     -7.68629     -15.4804 
        26.5       0.0085       0.0562      21.0957      31     0.034697   0.00653788     0.102533     0.338399     -10.3758     -29.1448 
        26.5        0.016       0.0562      21.0957      32      0.03315   0.00408189    0.0991861      0.33422     -16.1778     -40.2453 
        26.5        0.025       0.0562      21.0957      33     0.029614   0.00370329    0.0965599      0.30669     -18.0774     -40.7732 
        26.5        0.035       0.0562      21.0957      34     0.034697   0.00536178    0.0966444     0.359017     -11.5535     -24.1268 
        26.5         0.05       0.0562      21.0957      35     0.040664   0.00581978     0.100219     0.405753     -10.2331     -22.8725 
        26.5        0.075       0.0562      21.0957      36     0.046631   0.00723472     0.111263     0.419105     -8.93362     -18.1996 
        26.5         0.09       0.0562      21.0957      37     0.052377    0.0105271     0.119727     0.437472     -6.39772      -12.707 
        26.5       0.0025        0.178      11.0624      38     0.030498   0.00399163    0.0865909     0.352208     -14.0526     -33.9668 
        26.5       0.0085        0.178      11.0624      39     0.027846   0.00353567    0.0760871     0.365976     -13.6441     -34.2133 
        26.5        0.016        0.178      11.0624      40     0.024973   0.00336228    0.0700131     0.356691     -13.3957     -32.7918 
        26.5        0.025        0.178      11.0624      41     0.020553   0.00294525    0.0676211     0.303944      -15.981     -34.8223 
        26.5        0.035        0.178      11.0624      42       0.0221   0.00447234    0.0675791     0.327024      -10.169     -20.9987 
        26.5         0.05        0.178      11.0624      43     0.023205    0.0120568    0.0701112     0.330974     -3.89043     -6.84527 
        26.5        0.075        0.178      11.0624      44     0.037349    0.0284064        0.078     0.478833     -1.43105      -2.5069 
        26.5       0.0009        0.562      4.54456      45     0.053261    0.0229803    0.0357814      1.48851     0.760637      1.35805 
        26.5       0.0025        0.562      4.54456      46     0.041769   0.00753627    0.0307649      1.35768      1.46016      7.10994 
        26.5       0.0085        0.562      4.54456      47      0.03094   0.00390641    0.0252071      1.22743      1.46756      4.29057 
        26.5        0.025        0.562      4.54456      48     0.030056    0.0181922    0.0232909      1.29046     0.371866     0.653581 
          46         0.05       0.0178      50.3812      49     0.069173    0.0131403     0.148402      0.46612     -6.02944     -11.8004 
          46        0.075       0.0178      50.3812      50     0.048178    0.0166424     0.163583     0.294517     -6.93438     -12.6073 
          46        0.016       0.0562       27.794      51     0.036023   0.00654281     0.112267      0.32087      -11.653     -24.0514 
          46        0.025       0.0562       27.794      52     0.038012   0.00665438     0.111283     0.341581     -11.0109     -22.4136 
          46        0.035       0.0562       27.794      53     0.034918   0.00590858     0.111309     0.313703     -12.9289     -25.7594 
          46         0.05       0.0562       27.794      54     0.043979   0.00721376     0.114497     0.384106      -9.7755     -20.4681 
          46        0.075       0.0562       27.794      55     0.046852    0.0081196     0.125093     0.374537     -9.63608     -19.6807 
          46         0.09       0.0562       27.794      56     0.059007    0.0103727     0.133409     0.442303     -7.17286     -13.6787 
          46       0.0085        0.178      14.5749      57     0.026741   0.00407298    0.0864776     0.309225     -14.6666     -33.2088 
          46        0.016        0.178      14.5749      58     0.029393   0.00405964    0.0798622     0.368047     -12.4319     -28.2052 
          46        0.025        0.178      14.5749      59     0.029835   0.00514288     0.076803     0.388461     -9.13262     -18.5207 
          46        0.035        0.178      14.5749      60     0.028509    0.0045173     0.076244     0.373918     -10.5671     -21.6415 
          46         0.05        0.178      14.5749      61     0.032708   0.00538064    0.0782413      0.41804     -8.46244     -17.5154 
          46        0.075        0.178      14.5749      62     0.044421   0.00927176    0.0855376     0.519316      -4.4346     -8.66876 
          46         0.09        0.178      14.5749      63     0.039117    0.0108588     0.091309     0.428402     -4.80645     -9.76644 
          46       0.0025        0.562      5.98753      64     0.043316   0.00618707    0.0364651      1.18788      1.10729      3.04324 
          46       0.0085        0.562      5.98753      65     0.029835   0.00417978    0.0298996      0.99784   -0.0154494   -0.0416464 
          46        0.016        0.562      5.98753      66     0.027404    0.0041772    0.0276535     0.990976   -0.0597372    -0.127694 
          46        0.025        0.562      5.98753      67     0.023426   0.00586235    0.0270204     0.866976    -0.613126     -1.18027 
          46        0.035        0.562      5.98753      68     0.029835   0.00835849    0.0274055      1.08865     0.290666     0.520252 
          46         0.05        0.562      5.98753      69      0.02652    0.0120667    0.0290849     0.911814    -0.212557    -0.368452 
          80        0.035       0.0562      36.6536      70     0.050167    0.0173923      0.12381     0.405192     -4.23425     -7.72613 
          80         0.05       0.0562      36.6536      71     0.051935    0.0143739     0.127618     0.406957      -5.2653     -9.71508 
          80        0.075       0.0562      36.6536      72     0.047736    0.0206119     0.138212     0.345383      -4.3895     -7.89724 
          80       0.0085        0.178      19.2208      73     0.045526    0.0127262    0.0933705     0.487584     -3.75952     -7.00618 
          80        0.016        0.178      19.2208      74     0.029393   0.00713548    0.0882771     0.332963      -8.2523     -15.4103 
          80        0.025        0.178      19.2208      75     0.032266   0.00729811    0.0849283      0.37992     -7.21589     -13.6011 
          80        0.035        0.178      19.2208      76     0.035802   0.00932475    0.0839835     0.426298     -5.16705     -9.61269 
          80         0.05        0.178      19.2208      77     0.032266   0.00896821    0.0855276     0.377258     -5.93894     -11.0047 
          80        0.075        0.178      19.2208      78     0.040443    0.0188444    0.0922881     0.438226     -2.75122      -4.9305 
          80       0.0085        0.562      7.89612      79     0.025636   0.00561639    0.0331768      0.77271     -1.34263     -2.94147 
          80        0.016        0.562      7.89612      80      0.01989   0.00540426    0.0305472     0.651122     -1.97201     -3.82721 
          80        0.025        0.562      7.89612      81     0.022984   0.00743695    0.0296211     0.775934    -0.892447     -1.69865 
          80        0.035        0.562      7.89612      82     0.024089    0.0108888    0.0297616     0.809399    -0.520958    -0.941941 
         200         0.05       0.0562      57.9545      83     0.035802    0.0174588     0.139065     0.257448     -5.91468      -10.301 
         200        0.075       0.0562      57.9545      84     0.063648    0.0409655     0.155392     0.409596     -2.23955     -3.89575 
         200        0.016        0.178      30.3907      85     0.032045    0.0116307     0.094329     0.339715     -5.35512     -9.71821 
         200        0.025        0.178      30.3907      86     0.043979    0.0129167    0.0945491     0.465144     -3.91509     -7.18669 
         200        0.035        0.178      30.3907      87     0.037349    0.0148262    0.0940847     0.396972     -3.82672     -6.90485 
         200         0.05        0.178      30.3907      88     0.051935    0.0188618     0.095419     0.544283      -2.3054     -4.18639 
         200        0.075        0.178      30.3907      89     0.046189    0.0284113     0.101596     0.454635     -1.95016     -3.42733 
         200       0.0085        0.562      12.4849      90     0.024089   0.00869132    0.0360783     0.667686     -1.37946     -2.61953 
         200        0.016        0.562      12.4849      91     0.020553   0.00853771    0.0332833     0.617517     -1.49106     -2.69299 
         200        0.025        0.562      12.4849      92     0.016354   0.00804992    0.0320805     0.509779     -1.95363      -3.5616 
         200        0.035        0.562      12.4849      93     0.034918    0.0205146    0.0319564      1.09268     0.144368     0.257021 
         200         0.05        0.562      12.4849      94     0.033371    0.0168694    0.0329781      1.01191    0.0232884    0.0405949 
         200        0.075        0.562      12.4849      95     0.050388    0.0437681    0.0363809      1.38501      0.32003      0.55597 
