          Q2           xp         beta           mx   iData         Data       ErrTot       Theory        Ratio         Pull      PullUnc 
          12       0.0003         0.67      2.43114       0      0.06314   0.00422849    0.0189396      3.33375       10.453      36.4425 
          12        0.001          0.2       6.9282       1      0.03227   0.00177925    0.0719328     0.448613     -22.2919     -68.1778 
          12        0.001         0.32      5.04975       2       0.0365   0.00200318    0.0552617     0.660493     -9.36597     -26.4734 
          12        0.001          0.5       3.4641       3      0.04438   0.00249596    0.0291045      1.52485      6.12011      15.0941 
          15        0.001          0.2      7.74597       4      0.04107   0.00543786     0.072756      0.56449     -5.82692     -6.54458 
          15        0.001         0.32      5.64579       5       0.0384    0.0020853    0.0599668     0.640355     -10.3423     -31.5445 
          15        0.001          0.5      3.87298       6      0.04522   0.00252666     0.033765      1.33926      4.53366       11.915 
          20        0.001         0.32       6.5192       7      0.03892   0.00213316    0.0639161     0.608923     -11.7179     -33.4338 
          20        0.001          0.5      4.47214       8      0.04528   0.00251538    0.0390794      1.15867      2.46506      6.64248 
          20        0.001          0.8      2.23607       9       0.0451   0.00283987    0.0160863      2.80363      10.2166      23.9419 
          25        0.001         0.32      7.28869      10      0.05186    0.0128154    0.0645217      0.80376    -0.988009     -1.01978 
          25        0.001          0.5            5      11      0.04764   0.00268353    0.0424581      1.12205        1.931      5.27622 
          25        0.001          0.8          2.5      12      0.04499   0.00278502    0.0168701      2.66685      10.0968       23.261 
          35        0.001          0.5      5.91608      13      0.04718    0.0028087    0.0458019      1.03009     0.490661      1.11605 
          35        0.001          0.8      2.95804      14      0.04344   0.00278897    0.0176963      2.45476      9.23056      19.4855 
          45        0.001          0.8       3.3541      15      0.04048   0.00285463     0.018193      2.22503      7.80731      14.9735 
          12        0.003        0.067      12.9269      16      0.02712   0.00155509     0.084119     0.322401     -36.6532     -91.2934 
          12        0.003         0.11      9.85347      17      0.02698   0.00150678      0.08128     0.331939     -36.0372     -90.6431 
          12        0.003         0.17       7.6543      18      0.02655   0.00147227    0.0708116     0.374939     -30.0635     -75.0825 
          12        0.003         0.27        5.696      19      0.02751    0.0015435    0.0544923     0.504842     -17.4812     -43.0117 
          12        0.003         0.43      3.98836      20      0.03388   0.00191624    0.0318996      1.06208      1.03346      2.49467 
          12        0.003         0.67      2.43114      21      0.04193   0.00242361    0.0135177      3.10185      11.7231       25.815 
          15        0.003        0.067      14.4527      22      0.03764    0.0058291    0.0861447     0.436939     -8.32113     -9.08829 
          15        0.003         0.11      11.0165      23       0.0278    0.0015568    0.0869604     0.319686     -38.0013     -102.269 
          15        0.003         0.17      8.55776      24      0.02732   0.00151053    0.0764857     0.357191     -32.5487     -87.2946 
          15        0.003         0.27      6.36832      25      0.02903    0.0015762    0.0596259     0.486869     -19.4112     -51.1236 
          15        0.003         0.43      4.45912      26      0.03449    0.0018957    0.0363408     0.949072    -0.976304     -2.43663 
          15        0.003         0.67       2.7181      27      0.04031   0.00229023    0.0155573      2.59107       10.808      24.7211 
          20        0.003         0.11      12.7208      28      0.02754   0.00157364    0.0919775     0.299421     -40.9481     -102.606 
          20        0.003         0.17      9.88165      29      0.02996   0.00165378    0.0829599     0.361138     -32.0477     -88.4511 
          20        0.003         0.27      7.35351      30      0.03194   0.00170842    0.0657098     0.486077     -19.7667     -55.0402 
          20        0.003         0.43      5.14894      31      0.03618   0.00196608    0.0415686     0.870369     -2.74077     -7.22453 
          20        0.003         0.67      3.13859      32      0.03927   0.00223667    0.0178424      2.20094      9.58015      22.6568 
          25        0.003         0.11      14.2223      33      0.03645   0.00775255     0.092771     0.392903     -7.26484     -7.65634 
          25        0.003         0.17       11.048      34      0.03156   0.00171676    0.0870095     0.362719     -32.2989     -85.2248 
          25        0.003         0.27      8.22147      35      0.03205   0.00172981    0.0699681     0.458066     -21.9204     -61.5894 
          25        0.003         0.43      5.75669      36      0.03706   0.00200364    0.0452288     0.819389     -4.07699     -11.0211 
          25        0.003         0.67      3.50905      37      0.03909   0.00225268    0.0196119      1.99317       8.6466      20.6903 
          35        0.003         0.17      13.0722      38      0.03132   0.00179729    0.0898338     0.348644     -32.5567     -77.5752 
          35        0.003         0.27      9.72778      39       0.0333   0.00178178    0.0752169     0.442719     -23.5253     -62.9383 
          35        0.003         0.43      6.81141      40      0.03691   0.00201692     0.050026     0.737816     -6.50299     -16.6045 
          35        0.003         0.67      4.15196      41      0.03975   0.00237371    0.0220315      1.80424      7.46448      17.9452 
          45        0.003         0.27      11.0303      42      0.03306   0.00184337    0.0777491     0.425214     -24.2431     -55.8406 
          45        0.003         0.43      7.72342      43      0.03872   0.00213522    0.0529584      0.73114     -6.66834     -16.2197 
          45        0.003         0.67      4.70788      44      0.03844    0.0023571    0.0235453      1.63259      6.31907      13.6823 
          60        0.003         0.43      8.91823      45      0.03776   0.00214967    0.0554919      0.68046     -8.24867     -17.4524 
          60        0.003         0.67       5.4362      46      0.03728   0.00233559    0.0249664       1.4932      5.27215      10.6053 
          90        0.003         0.67      6.65795      47      0.03532   0.00279854     0.026342      1.34082      3.20809      4.79517 
          12         0.01         0.02      24.2487      48      0.03014   0.00194421    0.0912306     0.330372     -31.4219     -52.9557 
          12         0.01        0.032      19.0526      49      0.02966   0.00188288     0.087909     0.337394     -30.9361     -52.7897 
          12         0.01         0.05      15.0997      50      0.02732    0.0017153    0.0810826     0.336941      -31.343     -54.0619 
          12         0.01         0.08      11.7473      51      0.02545   0.00159322     0.072452     0.351267     -29.5013     -50.7365 
          12         0.01         0.13      8.96146      52      0.02165   0.00136807    0.0650971      0.33258      -31.758      -53.943 
          12         0.01          0.2       6.9282      53      0.02283   0.00150609    0.0544061     0.419622     -20.9656     -32.9215 
          12         0.01         0.32      5.04975      54       0.0242   0.00173786    0.0387244     0.624929     -8.35767     -11.8138 
          15         0.01         0.02      27.1109      55      0.03639   0.00584544    0.0950875       0.3827     -10.0416     -11.1593 
          15         0.01        0.032      21.3014      56      0.03226   0.00198524    0.0952949     0.338528     -31.7519     -60.6775 
          15         0.01         0.05      16.8819      57      0.03067   0.00186281    0.0884649     0.346691     -31.0257     -60.0119 
          15         0.01         0.08      13.1339      58      0.02573   0.00156213     0.078889     0.326154     -34.0298     -65.3337 
          15         0.01         0.13      10.0192      59      0.02381   0.00142064     0.070653     0.336999     -32.9731     -65.5788 
          15         0.01          0.2      7.74597      60      0.02299   0.00138284    0.0590806      0.38913     -26.0988     -51.2844 
          15         0.01         0.32      5.64579      61      0.02456   0.00148563    0.0427195     0.574913     -12.2235     -22.5408 
          20         0.01        0.032      24.5967      62      0.03445   0.00225325     0.102311     0.336718     -30.1169     -49.6196 
          20         0.01         0.05      19.4936      63      0.03209   0.00200479    0.0972813     0.329868     -32.5178     -60.4607 
          20         0.01         0.08      15.1658      64      0.02971   0.00185348    0.0869695     0.341614     -30.8929     -55.0651 
          20         0.01         0.13      11.5692      65      0.02658   0.00159878    0.0776838     0.342156     -31.9642     -60.7992 
          20         0.01          0.2      8.94427      66      0.02542   0.00156328    0.0648588     0.391928     -25.2283     -45.8506 
          20         0.01         0.32       6.5192      67      0.02663   0.00158129     0.047517     0.560431     -13.2088     -25.9436 
          20         0.01          0.5      4.47214      68       0.0287   0.00179576     0.027169      1.05635     0.852577      1.46552 
          25         0.01        0.032         27.5      69      0.03306   0.00700256     0.104105     0.317565     -10.1455      -10.856 
          25         0.01         0.05      21.7945      70      0.03307   0.00205513     0.103014     0.321025     -34.0336     -65.6787 
          25         0.01         0.08      16.9558      71      0.03202   0.00196734    0.0929111      0.34463      -30.951     -60.1358 
          25         0.01         0.13      12.9347      72      0.02889   0.00176584    0.0830162     0.348004     -30.6518     -58.1796 
          25         0.01          0.2           10      73      0.02686   0.00160891    0.0692012     0.388144     -26.3167     -53.1091 
          25         0.01         0.32      7.28869      74      0.02769   0.00168773    0.0509928     0.543018     -13.8072     -26.6124 
          25         0.01          0.5            5      75      0.03028   0.00186216    0.0298171      1.01552     0.248557     0.451735 
          25         0.01          0.8          2.5      76      0.02928   0.00259966    0.0115969       2.5248      6.80206      8.68626 
          35         0.01         0.05      25.7876      77      0.03551   0.00235279     0.107661     0.329831     -30.6663     -50.7964 
          35         0.01         0.08      20.0624      78      0.03243   0.00208765     0.100648     0.322212     -32.6769     -54.9582 
          35         0.01         0.13      15.3046      79      0.03161   0.00190816    0.0905828     0.348963     -30.9057     -59.4441 
          35         0.01          0.2      11.8322      80      0.02963   0.00178298    0.0754423      0.39275     -25.6943      -47.201 
          35         0.01         0.32      8.62409      81      0.02729   0.00173908    0.0557805     0.489239     -16.3825     -32.1724 
          35         0.01          0.5      5.91608      82      0.03171   0.00195602    0.0333374     0.951185    -0.831971      -1.4452 
          35         0.01          0.8      2.95804      83       0.0284   0.00194224     0.012128      2.34168      8.37795       13.321 
          45         0.01         0.08      22.7486      84      0.03368    0.0022267      0.10465     0.321835     -31.8721     -50.6323 
          45         0.01         0.13      17.3538      85      0.03212   0.00196694    0.0955966     0.335995     -32.2718      -58.403 
          45         0.01          0.2      13.4164      86      0.02994   0.00183808     0.079739     0.375475     -27.0929     -48.7311 
          45         0.01         0.32       9.7788      87       0.0291   0.00183168      0.05898     0.493388     -16.3129     -30.8473 
          45         0.01          0.5       6.7082      88      0.03255   0.00203144    0.0355853     0.914703     -1.49417     -2.52769 
          45         0.01          0.8       3.3541      89      0.02606   0.00181019    0.0124653       2.0906       7.5101       11.607 
          60         0.01         0.13      20.0384      90      0.03316   0.00216228     0.100204     0.330925     -31.0062     -49.5494 
          60         0.01          0.2      15.4919      91      0.03013    0.0018683    0.0841526      0.35804     -28.9153      -53.865 
          60         0.01         0.32      11.2916      92      0.03138   0.00191238    0.0623145     0.503574     -16.1759     -29.6156 
          60         0.01          0.5      7.74597      93      0.03225   0.00210714    0.0377797     0.853633     -2.62428     -4.75556 
          60         0.01          0.8      3.87298      94      0.02516   0.00168685    0.0127722       1.9699      7.34376      12.4939 
          90         0.01          0.2      18.9737      95      0.03061   0.00225353     0.088881     0.344393     -25.8577      -37.471 
          90         0.01         0.32      13.8293      96      0.03095    0.0020427    0.0662996      0.46682     -17.3053     -26.5545 
          90         0.01          0.5      9.48683      97      0.03039   0.00196222    0.0402241     0.755517     -5.01174     -8.38323 
          90         0.01          0.8      4.74342      98      0.02396   0.00165965    0.0130283      1.83908      6.58676      10.5086 
         200         0.01         0.32      20.6155      99       0.0321   0.00374182    0.0703123     0.456535     -10.2122     -17.4383 
         200         0.01          0.5      14.1421     100       0.0315   0.00365481    0.0433325     0.726937     -3.23751     -5.86286 
         200         0.01          0.8      7.07107     101       0.0211   0.00261938    0.0129808      1.62548      3.09969      4.43235 
         400         0.01          0.8           10     102       0.0196   0.00335813     0.012542      1.56274      2.10175      2.61347 
          12         0.03       0.0067      42.1787     103      0.03331   0.00767562     0.103375     0.322226      -9.1282     -9.59272 
          12         0.03        0.011      32.8468     104      0.03641   0.00650038     0.100042     0.363947     -9.78898     -10.4667 
          12         0.03        0.017      26.3416     105      0.03224   0.00582296    0.0935775     0.344527     -10.5337     -11.6964 
          12         0.03        0.027      20.7953     106      0.03637   0.00648305    0.0860031     0.422892     -7.65583     -8.46464 
          12         0.03        0.043      16.3423     107      0.02906   0.00547185    0.0783283     0.371003     -9.00395     -9.66765 
          12         0.03        0.067      12.9269     108      0.02413   0.00451985    0.0709035     0.340322     -10.3485     -11.0361 
          15         0.03       0.0067      47.1572     109      0.04792   0.00997542     0.108737     0.440697     -6.09667     -6.54113 
          15         0.03        0.011      36.7238     110      0.03531   0.00553455     0.109332     0.322962     -13.3745     -15.3505 
          15         0.03        0.017      29.4509     111      0.03527   0.00516293     0.102792      0.34312     -13.0782     -15.2333 
          15         0.03        0.027      23.2499     112      0.03085   0.00465263    0.0942074     0.327469     -13.6176     -15.4516 
          15         0.03        0.043      18.2712     113      0.02592    0.0040625    0.0853375     0.303735     -14.6259     -17.0928 
          15         0.03        0.067      14.4527     114      0.02366   0.00354971    0.0768151     0.308012     -14.9745     -17.0072 
          15         0.03         0.11      11.0165     115      0.02278   0.00357486    0.0687833     0.331185     -12.8685     -14.7077 
          20         0.03        0.011       42.405     116      0.03178   0.00561068     0.118915     0.267251     -15.5301      -17.521 
          20         0.03        0.017      34.0069     117      0.03851   0.00609639     0.114122     0.337445     -12.4028     -14.0114 
          20         0.03        0.027      26.8466     118      0.03118   0.00456071     0.104719      0.29775     -16.1244     -18.1829 
          20         0.03        0.043      21.0978     119      0.02917   0.00425242    0.0943791     0.309073     -15.3346     -17.3439 
          20         0.03        0.067      16.6885     120      0.02773   0.00405503     0.084417     0.328488     -13.9794     -15.8108 
          20         0.03         0.11      12.7208     121      0.02288   0.00347535    0.0751406     0.304496     -15.0375     -17.0073 
          25         0.03        0.011      47.4102     122      0.03729     0.010915     0.122557     0.304267     -7.81186      -8.1595 
          25         0.03        0.017      38.0209     123      0.03875   0.00622405     0.121834     0.318054     -13.3489     -15.0558 
          25         0.03        0.027      30.0154     124      0.03755    0.0055664      0.11263     0.333393     -13.4881     -15.2365 
          25         0.03        0.043       23.588     125      0.02978   0.00430895     0.101335     0.293878     -16.6061     -18.3611 
          25         0.03        0.067      18.6584     126      0.02655   0.00418405    0.0902751     0.294101     -15.2305     -17.4487 
          25         0.03         0.11      14.2223     127      0.02491    0.0037591    0.0800316     0.311252     -14.6635     -16.9259 
          25         0.03         0.17       11.048     128      0.02562     0.003895    0.0677605     0.378097     -10.8191     -12.4515 
          35         0.03        0.017      44.9869     129      0.05337    0.0108338     0.129256     0.412902     -7.00452     -7.49856 
          35         0.03        0.027      35.5147     130      0.04213   0.00639252     0.123421     0.341353     -12.7165     -14.0259 
          35         0.03        0.043      27.9097     131      0.04063   0.00618738     0.111465     0.364509     -11.4483     -12.4718 
          35         0.03        0.067      22.0769     132      0.03063   0.00470467    0.0989095     0.309677     -14.5131     -16.4296 
          35         0.03         0.11       16.828     133      0.02992   0.00459825     0.087251     0.342919      -12.468     -14.2876 
          35         0.03         0.17      13.0722     134      0.02493   0.00390741    0.0734978     0.339194     -12.4297     -14.0935 
          35         0.03         0.27      9.72778     135       0.0284   0.00442138    0.0570968     0.497401     -6.49047     -7.48072 
          45         0.03        0.027      40.2699     136      0.05064   0.00916318     0.129567     0.390839     -8.61354     -9.18286 
          45         0.03        0.043      31.6467     137      0.04048   0.00628966     0.118464     0.341706     -12.3988     -13.4157 
          45         0.03        0.067      25.0328     138      0.03804   0.00646311     0.105101     0.361937      -10.376     -11.4744 
          45         0.03         0.11      19.0812     139      0.02427    0.0039952    0.0924229     0.262597     -17.0587     -19.3108 
          45         0.03         0.17      14.8225     140      0.02521   0.00413698    0.0775668      0.32501     -12.6558     -14.5833 
          45         0.03         0.27      11.0303     141      0.02092   0.00342916    0.0600854     0.348171     -11.4213     -12.9252 
          60         0.03        0.043      36.5424     142        0.039   0.00742097     0.125153     0.311619     -11.6094     -12.4837 
          60         0.03        0.067      28.9054     143      0.03913   0.00632334     0.111646     0.350482      -11.468     -12.5424 
          60         0.03         0.11       22.033     144      0.02613   0.00422006    0.0980612     0.266466     -17.0451       -18.81 
          60         0.03         0.17      17.1155     145      0.02548    0.0043259    0.0819804     0.310806      -13.061     -15.4628 
          60         0.03         0.27      12.7366     146      0.02165   0.00443614    0.0632814     0.342122     -9.38461     -10.5463 
          60         0.03         0.43      8.91823     147      0.02698   0.00474403    0.0418922     0.644034     -3.14336     -3.74886 
          90         0.03        0.067      35.4017     148      0.03286    0.0130657     0.119331     0.275368     -6.61818     -6.75567 
          90         0.03         0.11      26.9848     149      0.03379   0.00657396     0.105238     0.321081     -10.8684     -11.4351 
          90         0.03         0.17      20.9622     150      0.03622   0.00621656    0.0876442     0.413262     -8.27213     -9.11723 
          90         0.03         0.27      15.5991     151      0.02668    0.0044977    0.0673109      0.39637     -9.03371     -9.86899 
          90         0.03         0.43      10.9226     152      0.03214    0.0056432      0.04433     0.725017     -2.16012     -2.34929 
          90         0.03         0.67      6.65795     153      0.02818   0.00735714    0.0203452      1.38509      1.06492      1.13265 
         200         0.03         0.11      40.2266     154       0.0361   0.00587732     0.113857     0.317064       -13.23     -17.2619 
         200         0.03         0.17      31.2485     155       0.0331   0.00525217    0.0963266     0.343623     -12.0382     -15.7951 
         200         0.03         0.27      23.2538     156       0.0283   0.00434421    0.0736724     0.384133     -10.4443     -13.0342 
         200         0.03         0.43      16.2824     157       0.0309   0.00474765    0.0479467     0.644465     -3.59056     -4.45333 
         200         0.03         0.67      9.92509     158       0.0297   0.00505179    0.0211443      1.40463      1.69359      2.17729 
         400         0.03         0.27      32.8859     159       0.0322   0.00552584    0.0768079     0.419228      -8.0726      -10.298 
         400         0.03         0.43      23.0268     160       0.0293   0.00466459    0.0499028     0.587141     -4.41686      -5.3801 
         400         0.03         0.67      14.0362     161       0.0289   0.00502204    0.0212695      1.35875      1.51941      1.92971 
         800         0.03         0.43      32.5648     162       0.0391   0.00797918    0.0504535     0.774971     -1.42289     -1.69112 
         800         0.03         0.67      19.8502     163       0.0228   0.00502273    0.0211069      1.08021     0.337084     0.404888 
        1600         0.03         0.67      28.0724     164       0.0214   0.00702497    0.0207747       1.0301    0.0890111    0.0973113 
