          Q2           xp         beta           mx   iData         Data       ErrTot       Theory        Ratio         Pull      PullUnc 
        15.3         0.05       0.0056      52.1233       0     0.054145   0.00811453    0.0501131      1.08046     0.496877      1.05595 
        15.3        0.075       0.0056      52.1233       1     0.065416    0.0134549    0.0648516       1.0087    0.0419443    0.0862717 
        15.3        0.016       0.0178       29.056       2     0.038896   0.00488992    0.0324484       1.1987      1.31856      3.41731 
        15.3        0.025       0.0178       29.056       3     0.036244   0.00430694    0.0349318      1.03756      0.30466     0.812583 
        15.3        0.035       0.0178       29.056       4     0.036465     0.004779    0.0377766     0.965281    -0.274445    -0.619585 
        15.3         0.05       0.0178       29.056       5     0.038896   0.00488311    0.0434966      0.89423    -0.942152     -2.32101 
        15.3        0.075       0.0178       29.056       6     0.046631   0.00708055    0.0560888     0.831379     -1.33574     -2.88862 
        15.3         0.09       0.0178       29.056       7     0.051714     0.010362    0.0649703     0.795964     -1.27931     -2.53119 
        15.3       0.0085       0.0562      16.0294       8     0.029614   0.00462396    0.0260247      1.13792     0.776246      2.69342 
        15.3        0.016       0.0562      16.0294       9     0.026962   0.00309171    0.0254588      1.05904       0.4862      1.42533 
        15.3        0.025       0.0562      16.0294      10     0.024973   0.00287819    0.0264725     0.943357    -0.520978     -1.33135 
        15.3        0.035       0.0562      16.0294      11     0.026741   0.00376925    0.0288822     0.925864    -0.568072     -1.29148 
        15.3         0.05       0.0562      16.0294      12      0.03094   0.00415461    0.0340784     0.907907    -0.755398     -1.74731 
        15.3        0.075       0.0562      16.0294      13     0.038454   0.00614687     0.045491      0.84531     -1.14481     -2.36802 
        15.3         0.09       0.0562      16.0294      14     0.035802   0.00746547    0.0534928     0.669287     -2.36968     -4.64919 
        15.3       0.0025        0.178      8.40566      15     0.030056   0.00319415    0.0256992      1.16953      1.36398      4.21802 
        15.3       0.0085        0.178      8.40566      16     0.024531   0.00260699    0.0214155      1.14548      1.19506      3.69564 
        15.3        0.016        0.178      8.40566      17     0.021658   0.00249406    0.0203864      1.06238     0.509854      1.48795 
        15.3        0.025        0.178      8.40566      18     0.021437   0.00308417    0.0209039       1.0255     0.172866     0.403347 
        15.3        0.035        0.178      8.40566      19     0.025857     0.010347    0.0225279      1.14777     0.321741     0.567886 
        15.3         0.05        0.178      8.40566      20     0.029614    0.0102513    0.0261853      1.13094     0.334465     0.602727 
        15.3       0.0009        0.562      3.45314      21      0.03978   0.00757963    0.0321129      1.23876      1.01155      2.04302 
        15.3       0.0025        0.562      3.45314      22     0.038233   0.00458334    0.0263681      1.44997       2.5887      12.3737 
        15.3       0.0085        0.562      3.45314      23     0.035802   0.00407577     0.021141      1.69349      3.59712      12.2691 
        15.3        0.016        0.562      3.45314      24     0.033371    0.0128481    0.0194402       1.7166      1.08427      1.89555 
        15.3        0.035        0.562      3.45314      25     0.020774     0.010735    0.0193431      1.07398     0.133297     0.237521 
        26.5        0.075       0.0056      68.5977      26     0.079339    0.0247778     0.073552      1.07868     0.233555     0.429058 
        26.5        0.025       0.0178      38.2396      27     0.039559   0.00658084    0.0413874     0.955822    -0.277842    -0.569106 
        26.5        0.035       0.0178      38.2396      28     0.044642    0.0077914    0.0455873     0.979264    -0.121327    -0.246224 
        26.5         0.05       0.0178      38.2396      29      0.05525   0.00814596    0.0518465      1.06565     0.417811     0.902589 
        26.5        0.075       0.0178      38.2396      30     0.055029    0.0113724    0.0648858      0.84809    -0.866729     -1.74562 
        26.5       0.0085       0.0562      21.0957      31     0.034697   0.00653788     0.030971      1.12031     0.569916      1.60085 
        26.5        0.016       0.0562      21.0957      32      0.03315   0.00408189    0.0312479      1.06087     0.465976       1.1592 
        26.5        0.025       0.0562      21.0957      33     0.029614   0.00370329    0.0320886     0.922882    -0.668219     -1.50715 
        26.5        0.035       0.0562      21.0957      34     0.034697   0.00536178    0.0343187      1.01102    0.0705626     0.147353 
        26.5         0.05       0.0562      21.0957      35     0.040664   0.00581978    0.0393767      1.03269     0.221199     0.494412 
        26.5        0.075       0.0562      21.0957      36     0.046631   0.00723472    0.0507806     0.918283    -0.573569     -1.16847 
        26.5         0.09       0.0562      21.0957      37     0.052377    0.0105271    0.0588552      0.88993    -0.615384     -1.22226 
        26.5       0.0025        0.178      11.0624      38     0.030498   0.00399163    0.0288954      1.05546     0.401483      0.97043 
        26.5       0.0085        0.178      11.0624      39     0.027846   0.00353567    0.0250246      1.11274     0.797971      2.00096 
        26.5        0.016        0.178      11.0624      40     0.024973   0.00336228    0.0236223      1.05718     0.401723     0.983393 
        26.5        0.025        0.178      11.0624      41     0.020553   0.00294525    0.0238851     0.860494     -1.13135      -2.4652 
        26.5        0.035        0.178      11.0624      42       0.0221   0.00447234    0.0253321     0.872411    -0.722687     -1.49234 
        26.5         0.05        0.178      11.0624      43     0.023205    0.0120568    0.0288184     0.805215    -0.465578    -0.819192 
        26.5        0.075        0.178      11.0624      44     0.037349    0.0284064    0.0368109      1.01462    0.0189446    0.0331869 
        26.5       0.0009        0.562      4.54456      45     0.053261    0.0229803    0.0310575      1.71491     0.966198      1.72506 
        26.5       0.0025        0.562      4.54456      46     0.041769   0.00753627    0.0256066      1.63118      2.14462      10.4428 
        26.5       0.0085        0.562      4.54456      47      0.03094   0.00390641    0.0205334      1.50681      2.66398      7.78843 
        26.5        0.025        0.562      4.54456      48     0.030056    0.0181922    0.0184222      1.63151     0.639491      1.12395 
          46         0.05       0.0178      50.3812      49     0.069173    0.0131403    0.0587492      1.17743     0.793267      1.55253 
          46        0.075       0.0178      50.3812      50     0.048178    0.0166424    0.0732931     0.657333      -1.5091     -2.74368 
          46        0.016       0.0562       27.794      51     0.036023   0.00654281    0.0357643      1.00723    0.0395356    0.0816001 
          46        0.025       0.0562       27.794      52     0.038012   0.00665438    0.0372108      1.02153     0.120401     0.245086 
          46        0.035       0.0562       27.794      53     0.034918   0.00590858    0.0394756     0.884546    -0.771359     -1.53685 
          46         0.05       0.0562       27.794      54     0.043979   0.00721376    0.0445078      0.98812   -0.0733004    -0.153478 
          46        0.075       0.0562       27.794      55     0.046852    0.0081196    0.0559864     0.836845     -1.12499     -2.29767 
          46         0.09       0.0562       27.794      56     0.059007    0.0103727    0.0641701      0.91954    -0.497763    -0.949241 
          46       0.0085        0.178      14.5749      57     0.026741   0.00407298    0.0280924     0.951896    -0.331786    -0.751247 
          46        0.016        0.178      14.5749      58     0.029393   0.00405964    0.0264877      1.10969     0.715666      1.62368 
          46        0.025        0.178      14.5749      59     0.029835   0.00514288    0.0265487      1.12378     0.638992      1.29586 
          46        0.035        0.178      14.5749      60     0.028509    0.0045173    0.0278489       1.0237     0.146123     0.299258 
          46         0.05        0.178      14.5749      61     0.032708   0.00538064    0.0311944      1.04852     0.281296     0.582222 
          46        0.075        0.178      14.5749      62     0.044421   0.00927176     0.039052      1.13748     0.579066      1.13196 
          46         0.09        0.178      14.5749      63     0.039117    0.0108588    0.0446858      0.87538    -0.512835     -1.04205 
          46       0.0025        0.562      5.98753      64     0.043316   0.00618707    0.0248779      1.74114       2.9801      8.19039 
          46       0.0085        0.562      5.98753      65     0.029835   0.00417978     0.019969      1.49407      2.36042      6.36289 
          46        0.016        0.562      5.98753      66     0.027404    0.0041772    0.0183468      1.49366      2.16824      4.63482 
          46        0.025        0.562      5.98753      67     0.023426   0.00586235    0.0178957      1.30903     0.943358      1.81596 
          46        0.035        0.562      5.98753      68     0.029835   0.00835849    0.0181983      1.63944       1.3922      2.49185 
          46         0.05        0.562      5.98753      69      0.02652    0.0120667    0.0194951      1.36034     0.582168      1.00915 
          80        0.035       0.0562      36.6536      70     0.050167    0.0173923    0.0437731      1.14607     0.367625     0.670797 
          80         0.05       0.0562      36.6536      71     0.051935    0.0143739    0.0491285      1.05713     0.195253     0.360264 
          80        0.075       0.0562      36.6536      72     0.047736    0.0206119    0.0608423     0.784586    -0.635861     -1.14399 
          80       0.0085        0.178      19.2208      73     0.045526    0.0127262    0.0301379      1.51059      1.20917      2.25338 
          80        0.016        0.178      19.2208      74     0.029393   0.00713548    0.0288467      1.01894    0.0765585     0.142965 
          80        0.025        0.178      19.2208      75     0.032266   0.00729811     0.028808      1.12004     0.473826     0.893106 
          80        0.035        0.178      19.2208      76     0.035802   0.00932475     0.029999      1.19344      0.62232      1.15775 
          80         0.05        0.178      19.2208      77     0.032266   0.00896821    0.0332268     0.971085    -0.107129    -0.198508 
          80        0.075        0.178      19.2208      78     0.040443    0.0188444    0.0409609     0.987357   -0.0274817   -0.0492503 
          80       0.0085        0.562      7.89612      79     0.025636   0.00561639    0.0193567       1.3244      1.11803       2.4494 
          80        0.016        0.562      7.89612      80      0.01989   0.00540426    0.0177822      1.11854     0.390033     0.756963 
          80        0.025        0.562      7.89612      81     0.022984   0.00743695    0.0173373       1.3257     0.759279      1.44518 
          80        0.035        0.562      7.89612      82     0.024089    0.0108888    0.0176202      1.36712     0.594079      1.07415 
         200         0.05       0.0562      57.9545      83     0.035802    0.0174588     0.053029      0.67514    -0.986728     -1.71848 
         200        0.075       0.0562      57.9545      84     0.063648    0.0409655    0.0670648     0.949053   -0.0834061    -0.145087 
         200        0.016        0.178      30.3907      85     0.032045    0.0116307    0.0306225      1.04645     0.122308      0.22196 
         200        0.025        0.178      30.3907      86     0.043979    0.0129167    0.0313833      1.40135     0.975144      1.79001 
         200        0.035        0.178      30.3907      87     0.037349    0.0148262    0.0326679      1.14329     0.315732     0.569701 
         200         0.05        0.178      30.3907      88     0.051935    0.0188618    0.0358362      1.44923     0.853514       1.5499 
         200        0.075        0.178      30.3907      89     0.046189    0.0284113    0.0434386      1.06332    0.0968049     0.170131 
         200       0.0085        0.562      12.4849      90     0.024089   0.00869132    0.0182423       1.3205     0.672704      1.27743 
         200        0.016        0.562      12.4849      91     0.020553   0.00853771     0.016786      1.22442     0.441222     0.796885 
         200        0.025        0.562      12.4849      92     0.016354   0.00804992    0.0163681     0.999141  -0.00174667  -0.00318431 
         200        0.035        0.562      12.4849      93     0.034918    0.0205146    0.0166326      2.09937     0.891337      1.58687 
         200         0.05        0.562      12.4849      94     0.033371    0.0168694     0.017796      1.87519     0.923269      1.60938 
         200        0.075        0.562      12.4849      95     0.050388    0.0437681    0.0209103      2.40972     0.673496      1.17003 
