          Q2           xp         beta           mx   iData         Data       ErrTot       Theory        Ratio         Pull      PullUnc 
        15.3         0.05       0.0056      52.1233       0     0.054145   0.00811453    0.0589372      0.91869    -0.590569     -1.25507 
        15.3        0.075       0.0056      52.1233       1     0.065416    0.0134549    0.0732337      0.89325    -0.581029     -1.19507 
        15.3        0.016       0.0178       29.056       2     0.038896   0.00488992    0.0417698     0.931198    -0.587708     -1.52317 
        15.3        0.025       0.0178       29.056       3     0.036244   0.00430694     0.043914      0.82534     -1.78085     -4.74986 
        15.3        0.035       0.0178       29.056       4     0.036465     0.004779    0.0462728     0.788044     -2.05226     -4.63318 
        15.3         0.05       0.0178       29.056       5     0.038896   0.00488311    0.0514028      0.75669     -2.56123     -6.30965 
        15.3        0.075       0.0178       29.056       6     0.046631   0.00708055    0.0632565     0.737173     -2.34805     -5.07781 
        15.3         0.09       0.0178       29.056       7     0.051714     0.010362    0.0717704     0.720548     -1.93556     -3.82962 
        15.3       0.0085       0.0562      16.0294       8     0.029614   0.00462396    0.0342719      0.86409     -1.00734     -3.49526 
        15.3        0.016       0.0562      16.0294       9     0.026962   0.00309171    0.0329005     0.819502     -1.92077     -5.63087 
        15.3        0.025       0.0562      16.0294      10     0.024973   0.00287819    0.0333012     0.749913     -2.89356     -7.39444 
        15.3        0.035       0.0562      16.0294      11     0.026741   0.00376925    0.0352562     0.758476     -2.25913     -5.13601 
        15.3         0.05       0.0562      16.0294      12      0.03094   0.00415461    0.0399733     0.774017     -2.17428     -5.02932 
        15.3        0.075       0.0562      16.0294      13     0.038454   0.00614687    0.0508195     0.756678     -2.01167     -4.16112 
        15.3         0.09       0.0562      16.0294      14     0.035802   0.00746547    0.0585445     0.611534     -3.04637     -5.97681 
        15.3       0.0025        0.178      8.40566      15     0.030056   0.00319415    0.0266092      1.12953       1.0791      3.33703 
        15.3       0.0085        0.178      8.40566      16     0.024531   0.00260699    0.0224304      1.09365     0.805756      2.49174 
        15.3        0.016        0.178      8.40566      17     0.021658   0.00249406    0.0212953      1.01703     0.145425     0.424408 
        15.3        0.025        0.178      8.40566      18     0.021437   0.00308417     0.021737     0.986201   -0.0972565    -0.226928 
        15.3        0.035        0.178      8.40566      19     0.025857     0.010347    0.0233053      1.10949     0.246609     0.435275 
        15.3         0.05        0.178      8.40566      20     0.029614    0.0102513    0.0269041      1.10072     0.264342     0.476361 
        15.3       0.0009        0.562      3.45314      21      0.03978   0.00757963     0.017939      2.21752      2.88154      5.81986 
        15.3       0.0025        0.562      3.45314      22     0.038233   0.00458334    0.0148761      2.57009      5.09604      24.3585 
        15.3       0.0085        0.562      3.45314      23     0.035802   0.00407577    0.0121291      2.95176      5.80821      19.8108 
        15.3        0.016        0.562      3.45314      24     0.033371    0.0128481    0.0114967      2.90265      1.70254      2.97642 
        15.3        0.035        0.562      3.45314      25     0.020774     0.010735    0.0125803      1.65132     0.763276      1.36008 
        26.5        0.075       0.0056      68.5977      26     0.079339    0.0247778    0.0845772     0.938066    -0.211406    -0.388368 
        26.5        0.025       0.0178      38.2396      27     0.039559   0.00658084    0.0529079     0.747695     -2.02845      -4.1549 
        26.5        0.035       0.0178      38.2396      28     0.044642    0.0077914    0.0569236     0.784244      -1.5763       -3.199 
        26.5         0.05       0.0178      38.2396      29      0.05525   0.00814596    0.0625743      0.88295    -0.899132     -1.94238 
        26.5        0.075       0.0178      38.2396      30     0.055029    0.0113724     0.074684     0.736824     -1.72831     -3.48088 
        26.5       0.0085       0.0562      21.0957      31     0.034697   0.00653788     0.041376     0.838577     -1.02159     -2.86956 
        26.5        0.016       0.0562      21.0957      32      0.03315   0.00408189    0.0411613     0.805368     -1.96265     -4.88244 
        26.5        0.025       0.0562      21.0957      33     0.029614   0.00370329    0.0412686     0.717592     -3.14708     -7.09818 
        26.5        0.035       0.0562      21.0957      34     0.034697   0.00536178    0.0429101     0.808597     -1.53179     -3.19878 
        26.5         0.05       0.0562      21.0957      35     0.040664   0.00581978    0.0473326     0.859111     -1.14586     -2.56115 
        26.5        0.075       0.0562      21.0957      36     0.046631   0.00723472    0.0579768     0.804304     -1.56825     -3.19483 
        26.5         0.09       0.0562      21.0957      37     0.052377    0.0105271    0.0656787     0.797473     -1.26357     -2.50968 
        26.5       0.0025        0.178      11.0624      38     0.030498   0.00399163    0.0313315     0.973396    -0.208819    -0.504739 
        26.5       0.0085        0.178      11.0624      39     0.027846   0.00353567    0.0280787     0.991713   -0.0658127    -0.165029 
        26.5        0.016        0.178      11.0624      40     0.024973   0.00336228     0.026362     0.947311    -0.413111     -1.01127 
        26.5        0.025        0.178      11.0624      41     0.020553   0.00294525    0.0263969     0.778614     -1.98418      -4.3235 
        26.5        0.035        0.178      11.0624      42       0.0221   0.00447234    0.0276761     0.798524     -1.24679     -2.57459 
        26.5         0.05        0.178      11.0624      43     0.023205    0.0120568    0.0309859     0.748889    -0.645353     -1.13551 
        26.5        0.075        0.178      11.0624      44     0.037349    0.0284064      0.03877     0.963348    -0.050024   -0.0876315 
        26.5       0.0009        0.562      4.54456      45     0.053261    0.0229803     0.021047      2.53057      1.40181      2.50281 
        26.5       0.0025        0.562      4.54456      46     0.041769   0.00753627    0.0177173      2.35753      3.19146      15.5402 
        26.5       0.0085        0.562      4.54456      47      0.03094   0.00390641    0.0143637      2.15404      4.24336      12.4059 
        26.5        0.025        0.562      4.54456      48     0.030056    0.0181922    0.0134558      2.23369     0.912489      1.60376 
          46         0.05       0.0178      50.3812      49     0.069173    0.0131403    0.0720211     0.960455    -0.216742    -0.424193 
          46        0.075       0.0178      50.3812      50     0.048178    0.0166424    0.0857545     0.561813     -2.25788     -4.10501 
          46        0.016       0.0562       27.794      51     0.036023   0.00654281    0.0477657      0.75416     -1.79476     -3.70431 
          46        0.025       0.0562       27.794      52     0.038012   0.00665438    0.0486922     0.780659     -1.60499     -3.26708 
          46        0.035       0.0562       27.794      53     0.034918   0.00590858    0.0503154     0.693982     -2.60595     -5.19207 
          46         0.05       0.0562       27.794      54     0.043979   0.00721376    0.0545862     0.805679     -1.47042     -3.07878 
          46        0.075       0.0562       27.794      55     0.046852    0.0081196      0.06512     0.719472     -2.24986     -4.59511 
          46         0.09       0.0562       27.794      56     0.059007    0.0103727    0.0728344     0.810153     -1.33307     -2.54217 
          46       0.0085        0.178      14.5749      57     0.026741   0.00407298    0.0330908     0.808109     -1.55901        -3.53 
          46        0.016        0.178      14.5749      58     0.029393   0.00405964      0.03106      0.94633    -0.410624    -0.931613 
          46        0.025        0.178      14.5749      59     0.029835   0.00514288    0.0307557     0.970063    -0.179029    -0.363066 
          46        0.035        0.178      14.5749      60     0.028509    0.0045173    0.0317791     0.897099    -0.723904     -1.48255 
          46         0.05        0.178      14.5749      61     0.032708   0.00538064    0.0348308     0.939054    -0.394523    -0.816575 
          46        0.075        0.178      14.5749      62     0.044421   0.00927176    0.0423397      1.04916     0.224473       0.4388 
          46         0.09        0.178      14.5749      63     0.039117    0.0108588    0.0478029     0.818298    -0.799896     -1.62535 
          46       0.0025        0.562      5.98753      64     0.043316   0.00618707    0.0198711      2.17985      3.78935      10.4145 
          46       0.0085        0.562      5.98753      65     0.029835   0.00417978     0.016111      1.85184      3.28342      8.85098 
          46        0.016        0.562      5.98753      66     0.027404    0.0041772    0.0149496       1.8331      2.98153      6.37331 
          46        0.025        0.562      5.98753      67     0.023426   0.00586235    0.0147932      1.58357      1.47259      2.83473 
          46        0.035        0.562      5.98753      68     0.029835   0.00835849    0.0153068      1.94914      1.73814      3.11103 
          46         0.05        0.562      5.98753      69      0.02652    0.0120667     0.016823      1.57641      0.80361        1.393 
          80        0.035       0.0562      36.6536      70     0.050167    0.0173923    0.0566234     0.885977    -0.371218    -0.677354 
          80         0.05       0.0562      36.6536      71     0.051935    0.0143739    0.0612445     0.847995    -0.647666     -1.19502 
          80        0.075       0.0562      36.6536      72     0.047736    0.0206119    0.0718909     0.664006     -1.17189     -2.10838 
          80       0.0085        0.178      19.2208      73     0.045526    0.0127262    0.0365156      1.24676      0.70802      1.31945 
          80        0.016        0.178      19.2208      74     0.029393   0.00713548    0.0350889     0.837672    -0.798255     -1.49066 
          80        0.025        0.178      19.2208      75     0.032266   0.00729811    0.0346148     0.932145    -0.321837    -0.606625 
          80        0.035        0.178      19.2208      76     0.035802   0.00932475    0.0354411      1.01018     0.038701    0.0719987 
          80         0.05        0.178      19.2208      77     0.032266   0.00896821    0.0382698     0.843119    -0.669453     -1.24048 
          80        0.075        0.178      19.2208      78     0.040443    0.0188444    0.0455239      0.88839    -0.269625    -0.483199 
          80       0.0085        0.562      7.89612      79     0.025636   0.00561639    0.0173244      1.47976      1.47988      3.24215 
          80        0.016        0.562      7.89612      80      0.01989   0.00540426    0.0160011      1.24304       0.7196      1.39658 
          80        0.025        0.562      7.89612      81     0.022984   0.00743695    0.0157124      1.46279     0.977766      1.86104 
          80        0.035        0.562      7.89612      82     0.024089    0.0108888    0.0161063      1.49562     0.733108      1.32553 
         200         0.05       0.0562      57.9545      83     0.035802    0.0174588    0.0670754     0.533757     -1.79128     -3.11968 
         200        0.075       0.0562      57.9545      84     0.063648    0.0409655    0.0807488     0.788223    -0.417443    -0.726155 
         200        0.016        0.178      30.3907      85     0.032045    0.0116307    0.0382161     0.838522    -0.530582    -0.962875 
         200        0.025        0.178      30.3907      86     0.043979    0.0129167    0.0392375      1.12084     0.367085     0.673836 
         200        0.035        0.178      30.3907      87     0.037349    0.0148262    0.0402307      0.92837    -0.194367    -0.350711 
         200         0.05        0.178      30.3907      88     0.051935    0.0188618    0.0429288      1.20979     0.477481     0.867062 
         200        0.075        0.178      30.3907      89     0.046189    0.0284113    0.0498918     0.925783     -0.13033    -0.229049 
         200       0.0085        0.562      12.4849      90     0.024089   0.00869132    0.0183326        1.314     0.662314       1.2577 
         200        0.016        0.562      12.4849      91     0.020553   0.00853771    0.0169357      1.21359     0.423681     0.765205 
         200        0.025        0.562      12.4849      92     0.016354   0.00804992    0.0165171     0.990124   -0.0202649   -0.0369444 
         200        0.035        0.562      12.4849      93     0.034918    0.0205146    0.0167751      2.08154     0.884391       1.5745 
         200         0.05        0.562      12.4849      94     0.033371    0.0168694    0.0179294      1.86125     0.915364       1.5956 
         200        0.075        0.562      12.4849      95     0.050388    0.0437681    0.0210316      2.39583     0.670726      1.16521 
