          Q2           xp         beta           mx   iData         Data       ErrTot       Theory        Ratio         Pull      PullUnc 
         8.5       0.0003         0.43       3.3567       0      0.03764   0.00738157     0.040136     0.937813    -0.338133    -0.365535 
         8.5       0.0003         0.67      2.04611       1      0.06919   0.00623517    0.0351692      1.96735      5.45627      7.79594 
          12       0.0003         0.67      2.43114       2      0.06314   0.00422849     0.033403      1.89025      7.03251      24.5176 
         8.5        0.001         0.13      7.54219       3      0.03321    0.0033923    0.0200375      1.65739      3.88306      4.95301 
         8.5        0.001          0.2      5.83095       4      0.03233   0.00245878    0.0241804      1.33703      3.31449      4.81127 
         8.5        0.001         0.32         4.25       5      0.03332   0.00242573    0.0294928      1.12977      1.57776      2.35545 
         8.5        0.001          0.5      2.91548       6      0.03871   0.00292152     0.033325      1.16159      1.84322      2.65082 
          12        0.001          0.2       6.9282       7      0.03227   0.00177925     0.026554      1.21526      3.21262      9.82551 
          12        0.001         0.32      5.04975       8       0.0365   0.00200318     0.031496      1.15888        2.498      7.06074 
          12        0.001          0.5       3.4641       9      0.04438   0.00249596    0.0333446      1.33095      4.42133      10.9044 
          15        0.001          0.2      7.74597      10      0.04107   0.00543786    0.0272257       1.5085       2.5459      2.85946 
          15        0.001         0.32      5.64579      11       0.0384    0.0020853    0.0325474      1.17982      2.80661      8.56032 
          15        0.001          0.5      3.87298      12      0.04522   0.00252666    0.0333117      1.35748      4.71307      12.3866 
          20        0.001         0.32       6.5192      13      0.03892   0.00213316    0.0334599      1.16318      2.55962      7.30318 
          20        0.001          0.5      4.47214      14      0.04528   0.00251538    0.0332015       1.3638      4.80186      12.9394 
          20        0.001          0.8      2.23607      15       0.0451   0.00283987    0.0144551      3.12001       10.791      25.2879 
          25        0.001         0.32      7.28869      16      0.05186    0.0128154    0.0336623       1.5406      1.41999      1.46565 
          25        0.001          0.5            5      17      0.04764   0.00268353     0.033045      1.44167      5.43872      14.8606 
          25        0.001          0.8          2.5      18      0.04499   0.00278502    0.0137217      3.27874      11.2273      25.8654 
          35        0.001          0.5      5.91608      19      0.04718    0.0028087    0.0326537      1.44486       5.1719      11.7639 
          35        0.001          0.8      2.95804      20      0.04344   0.00278897    0.0127582      3.40486      11.0011      23.2231 
          45        0.001          0.8       3.3541      21      0.04048   0.00285463    0.0121237      3.33892      9.93345      19.0511 
         8.5        0.003        0.043      13.7541      22      0.02783   0.00300886      0.01938      1.43601      2.80837      3.31899 
         8.5        0.003        0.067      10.8796      23       0.0246   0.00197092    0.0200791      1.22516      2.29381      3.03566 
         8.5        0.003         0.11      8.29293      24      0.02097   0.00165025    0.0194489      1.07821     0.921734      1.24674 
         8.5        0.003         0.17      6.44205      25      0.02308   0.00172174    0.0198166      1.16468      1.89543      2.63478 
         8.5        0.003         0.27       4.7939      26      0.02265   0.00166057    0.0224995      1.00669    0.0906428     0.128081 
         8.5        0.003         0.43       3.3567      27      0.03263    0.0023259    0.0265576      1.22865      2.61075      3.77907 
         8.5        0.003         0.67      2.04611      28      0.04341   0.00365496     0.022491       1.9301      5.72345      7.45711 
          12        0.003        0.067      12.9269      29      0.02712   0.00155509    0.0230011      1.17907      2.64864      6.59706 
          12        0.003         0.11      9.85347      30      0.02698   0.00150678    0.0230071      1.17268      2.63667      6.63193 
          12        0.003         0.17       7.6543      31      0.02655   0.00147227    0.0229574      1.15649      2.44018      6.09425 
          12        0.003         0.27        5.696      32      0.02751    0.0015435    0.0247581      1.11115      1.78286      4.38665 
          12        0.003         0.43      3.98836      33      0.03388   0.00191624    0.0272538      1.24313       3.4579      8.34706 
          12        0.003         0.67      2.43114      34      0.04193   0.00242361    0.0214295      1.95664      8.45864      18.6264 
          15        0.003        0.067      14.4527      35      0.03764    0.0058291    0.0236793      1.58957        2.395      2.61581 
          15        0.003         0.11      11.0165      36       0.0278    0.0015568    0.0249837      1.11272        1.809      4.86836 
          15        0.003         0.17      8.55776      37      0.02732   0.00151053    0.0248417      1.09977      1.64072      4.40035 
          15        0.003         0.27      6.36832      38      0.02903    0.0015762    0.0261089      1.11188      1.85328      4.88101 
          15        0.003         0.43      4.45912      39      0.03449    0.0018957     0.027648      1.24747      3.60923      9.00781 
          15        0.003         0.67       2.7181      40      0.04031   0.00229023    0.0207734      1.94046      8.53039      19.5116 
          20        0.003         0.11      12.7208      41      0.02754   0.00157364    0.0267813      1.02833     0.482134      1.20811 
          20        0.003         0.17      9.88165      42      0.02996   0.00165378    0.0269906      1.11002      1.79553      4.95563 
          20        0.003         0.27      7.35351      43      0.03194   0.00170842    0.0276926      1.15338      2.48614      6.92264 
          20        0.003         0.43      5.14894      44      0.03618   0.00196608    0.0280834      1.28831      4.11817      10.8553 
          20        0.003         0.67      3.13859      45      0.03927   0.00223667    0.0199699      1.96646      8.62894      20.4072 
          25        0.003         0.11      14.2223      46      0.03645   0.00775255    0.0271902      1.34055      1.19441      1.25878 
          25        0.003         0.17       11.048      47      0.03156   0.00171676    0.0283283      1.11408      1.88245      4.96709 
          25        0.003         0.27      8.22147      48      0.03205   0.00172981    0.0287754       1.1138      1.89301      5.31877 
          25        0.003         0.43      5.75669      49      0.03706   0.00200364    0.0283618      1.30669       4.3412      11.7353 
          25        0.003         0.67      3.50905      50      0.03909   0.00225268     0.019395      2.01547      8.74291      20.9207 
          35        0.003         0.17      13.0722      51      0.03132   0.00179729    0.0294463      1.06363      1.04252      2.48407 
          35        0.003         0.27      9.72778      52       0.0333   0.00178178     0.030129      1.10525      1.77966      4.76122 
          35        0.003         0.43      6.81141      53      0.03691   0.00201692     0.028708       1.2857      4.06657      10.3834 
          35        0.003         0.67      4.15196      54      0.03975   0.00237371     0.018615      2.13537      8.90376      21.4053 
          45        0.003         0.27      11.0303      55      0.03306   0.00184337     0.030805       1.0732      1.22328      2.81766 
          45        0.003         0.43      7.72342      56      0.03872   0.00213522     0.028875      1.34095      4.61075       11.215 
          45        0.003         0.67      4.70788      57      0.03844    0.0023571    0.0180697      2.12732      8.64213      18.7123 
          60        0.003         0.43      8.91823      58      0.03776   0.00214967    0.0289355      1.30497      4.10503      8.68533 
          60        0.003         0.67       5.4362      59      0.03728   0.00233559    0.0174701      2.13393      8.48175      17.0616 
          90        0.003         0.67      6.65795      60      0.03532   0.00279854    0.0166571      2.12042      6.66882      9.96796 
         8.5         0.01        0.013      25.4037      61      0.03654   0.00394361    0.0229672      1.59096      3.44171      4.04683 
         8.5         0.01         0.02      20.4083      62      0.03174   0.00265746    0.0233634      1.35853      3.15211       4.1912 
         8.5         0.01        0.032      16.0351      63      0.03085   0.00240373    0.0216316      1.42616      3.83506      5.17977 
         8.5         0.01         0.05      12.7083      64      0.02431   0.00194267    0.0195203      1.24537      2.46551      3.22819 
         8.5         0.01         0.08      9.88686      65      0.02142   0.00168811    0.0175449      1.22087      2.29553      3.10579 
         8.5         0.01         0.13      7.54219      66      0.01919   0.00155249    0.0165865      1.15697        1.677      2.22292 
         8.5         0.01          0.2      5.83095      67      0.01961   0.00173269    0.0171333      1.14456      1.42942      1.76165 
          12         0.01         0.02      24.2487      68      0.03014   0.00194421    0.0272723      1.10515        1.475      2.48583 
          12         0.01        0.032      19.0526      69      0.02966   0.00188288     0.026193      1.13236      1.84132      3.14206 
          12         0.01         0.05      15.0997      70      0.02732    0.0017153    0.0236976      1.15286      2.11183      3.64257 
          12         0.01         0.08      11.7473      71      0.02545   0.00159322    0.0210951      1.20644      2.73341      4.70093 
          12         0.01         0.13      8.96146      72      0.02165   0.00136807    0.0195323      1.10842      1.54794      2.62928 
          12         0.01          0.2       6.9282      73      0.02283   0.00150609    0.0194711      1.17251      2.23023      3.50205 
          12         0.01         0.32      5.04975      74       0.0242   0.00173786    0.0211454      1.14446      1.75766      2.48451 
          15         0.01         0.02      27.1109      75      0.03639   0.00584544    0.0284121      1.28079      1.36481      1.51672 
          15         0.01        0.032      21.3014      76      0.03226   0.00198524     0.028811      1.11971      1.73733      3.32001 
          15         0.01         0.05      16.8819      77      0.03067   0.00186281    0.0263299      1.16484      2.32989      4.50663 
          15         0.01         0.08      13.1339      78      0.02573   0.00156213    0.0233676       1.1011      1.51229      2.90344 
          15         0.01         0.13      10.0192      79      0.02381   0.00142064     0.021387      1.11329      1.70559      3.39217 
          15         0.01          0.2      7.74597      80      0.02299   0.00138284     0.020912      1.09937      1.50269      2.95281 
          15         0.01         0.32      5.64579      81      0.02456   0.00148563    0.0219897      1.11689       1.7301       3.1904 
          20         0.01        0.032      24.5967      82      0.03445   0.00225325    0.0312147      1.10365      1.43586      2.36567 
          20         0.01         0.05      19.4936      83      0.03209   0.00200479    0.0294534      1.08952      1.31513      2.44525 
          20         0.01         0.08      15.1658      84      0.02971   0.00185348    0.0261995      1.13399      1.89398      3.37594 
          20         0.01         0.13      11.5692      85      0.02658   0.00159878    0.0236852      1.12222       1.8106      3.44395 
          20         0.01          0.2      8.94427      86      0.02542   0.00156328    0.0226647      1.12157      1.76249       3.2032 
          20         0.01         0.32       6.5192      87      0.02663   0.00158129    0.0229839      1.15864      2.30575      4.52876 
          20         0.01          0.5      4.47214      88       0.0287   0.00179576    0.0218347      1.31442      3.82308       6.5716 
          25         0.01        0.032         27.5      89      0.03306   0.00700256    0.0316723      1.04381      0.19817     0.212047 
          25         0.01         0.05      21.7945      90      0.03307   0.00205513    0.0314482      1.05157     0.789122      1.52286 
          25         0.01         0.08      16.9558      91      0.03202   0.00196734    0.0282537       1.1333       1.9144      3.71955 
          25         0.01         0.13      12.9347      92      0.02889   0.00176584    0.0253806      1.13827      1.98741      3.77226 
          25         0.01          0.2           10      93      0.02686   0.00160891    0.0239353      1.12219       1.8178      3.66847 
          25         0.01         0.32      7.28869      94      0.02769   0.00168773    0.0236792      1.16938      2.37644      4.58044 
          25         0.01          0.5            5      95      0.03028   0.00186216     0.021793      1.38944      4.55762      8.28317 
          25         0.01          0.8          2.5      96      0.02928   0.00259966   0.00909113      3.22072      7.76596      9.91717 
          35         0.01         0.05      25.7876      97      0.03551   0.00235279    0.0330105      1.07572      1.06234      1.75969 
          35         0.01         0.08      20.0624      98      0.03243   0.00208765    0.0309171      1.04893     0.724679      1.21881 
          35         0.01         0.13      15.3046      99      0.03161   0.00190816    0.0277664      1.13843      2.01433      3.87437 
          35         0.01          0.2      11.8322     100      0.02963   0.00178298    0.0257205        1.152      2.19267      4.02799 
          35         0.01         0.32      8.62409     101      0.02729   0.00173908    0.0246326      1.10788      1.52807      3.00085 
          35         0.01          0.5      5.91608     102      0.03171   0.00195602    0.0217239      1.45968      5.10533      8.86836 
          35         0.01          0.8      2.95804     103       0.0284   0.00194224   0.00846155      3.35636      10.2657      16.3225 
          45         0.01         0.08      22.7486     104      0.03368    0.0022267    0.0322988      1.04276     0.620283     0.985386 
          45         0.01         0.13      17.3538     105      0.03212   0.00196694    0.0293363      1.09489      1.41522      2.56117 
          45         0.01          0.2      13.4164     106      0.02994   0.00183808    0.0269249      1.11198      1.64038      2.95049 
          45         0.01         0.32       9.7788     107       0.0291   0.00183168     0.025252      1.15238      2.10079      3.97256 
          45         0.01          0.5       6.7082     108      0.03255   0.00203144    0.0216459      1.50375      5.36765      9.08049 
          45         0.01          0.8       3.3541     109      0.02606   0.00181019    0.0080485      3.23787      9.95008       15.378 
          60         0.01         0.13      20.0384     110      0.03316   0.00216228    0.0307835       1.0772      1.09908      1.75638 
          60         0.01          0.2      15.4919     111      0.03013    0.0018683    0.0281394      1.07074      1.06544      1.98476 
          60         0.01         0.32      11.2916     112      0.03138   0.00191238    0.0258573      1.21358      2.88787      5.28723 
          60         0.01          0.5      7.74597     113      0.03225   0.00210714    0.0215204      1.49858      5.09203      9.22747 
          60         0.01          0.8      3.87298     114      0.02516   0.00168685   0.00760971       3.3063      10.4042      17.7006 
          90         0.01          0.2      18.9737     115      0.03061   0.00225353     0.029436      1.03988     0.520967     0.754946 
          90         0.01         0.32      13.8293     116      0.03095    0.0020427    0.0265163      1.16721      2.17051      3.33058 
          90         0.01          0.5      9.48683     117      0.03039   0.00196222    0.0212786      1.42819      4.64342      7.76713 
          90         0.01          0.8      4.74342     118      0.02396   0.00165965   0.00704316      3.40188       10.193      16.2621 
         200         0.01         0.32      20.6155     119       0.0321   0.00374182    0.0270006      1.18886       1.3628      2.32711 
         200         0.01          0.5      14.1421     120       0.0315   0.00365481    0.0206277      1.52707      2.97478      5.38708 
         200         0.01          0.8      7.07107     121       0.0211   0.00261938   0.00608323      3.46855      5.73296      8.19775 
         400         0.01          0.8           10     122       0.0196   0.00335813    0.0053941       3.6336      4.23031      5.26026 
         8.5         0.03       0.0043      44.3649     123      0.03435     0.008582    0.0303758      1.13083     0.463086     0.501871 
         8.5         0.03       0.0067      35.4987     124      0.02474    0.0048734    0.0311246     0.794869      -1.3101     -1.38745 
         8.5         0.03        0.011      27.6447     125      0.03042   0.00532993    0.0295582      1.02916     0.161694     0.176116 
         8.5         0.03        0.017      22.1698     126      0.02617   0.00458692    0.0275544     0.949757    -0.301821    -0.333658 
         8.5         0.03        0.027      17.5019     127      0.02631   0.00449416    0.0252368      1.04252     0.238796      0.26569 
         8.5         0.03        0.043      13.7541     128      0.02782   0.00514783    0.0228831      1.21575     0.959029      1.04242 
          12         0.03       0.0067      42.1787     129      0.03331   0.00767562    0.0361526     0.921372    -0.370344     -0.38919 
          12         0.03        0.011      32.8468     130      0.03641   0.00650038    0.0352943      1.03161     0.171635     0.183518 
          12         0.03        0.017      26.3416     131      0.03224   0.00582296    0.0328609     0.981106    -0.106628    -0.118397 
          12         0.03        0.027      20.7953     132      0.03637   0.00648305    0.0298405      1.21881      1.00717      1.11357 
          12         0.03        0.043      16.3423     133      0.02906   0.00547185     0.026762      1.08587     0.419968     0.450925 
          12         0.03        0.067      12.9269     134      0.02413   0.00451985    0.0240094      1.00502    0.0266758    0.0284484 
          15         0.03       0.0067      47.1572     135      0.04792   0.00997542    0.0379155      1.26386      1.00291      1.07603 
          15         0.03        0.011      36.7238     136      0.03531   0.00553455    0.0387304     0.911687    -0.618005    -0.709312 
          15         0.03        0.017      29.4509     137      0.03527   0.00516293    0.0362904     0.971882    -0.197639    -0.230207 
          15         0.03        0.027      23.2499     138      0.03085   0.00465263    0.0328686     0.938585    -0.433865    -0.492298 
          15         0.03        0.043      18.2712     139      0.02592    0.0040625    0.0293105     0.884323    -0.834595    -0.975364 
          15         0.03        0.067      14.4527     140      0.02366   0.00354971    0.0261199     0.905822    -0.692992    -0.787061 
          15         0.03         0.11      11.0165     141      0.02278   0.00357486    0.0232729     0.978819     -0.13789    -0.157597 
          20         0.03        0.011       42.405     142      0.03178   0.00561068    0.0421676     0.753659      -1.8514     -2.08874 
          20         0.03        0.017      34.0069     143      0.03851   0.00609639     0.040476     0.951428    -0.322484    -0.364309 
          20         0.03        0.027      26.8466     144      0.03118   0.00456071    0.0367335     0.848815     -1.21769     -1.37315 
          20         0.03        0.043      21.0978     145      0.02917   0.00425242    0.0325832     0.895246    -0.802652    -0.907827 
          20         0.03        0.067      16.6885     146      0.02773   0.00405503    0.0288126     0.962428    -0.266967    -0.301941 
          20         0.03         0.11      12.7208     147      0.02288   0.00347535    0.0253796     0.901511     -0.71924    -0.813456 
          25         0.03        0.011      47.4102     148      0.03729     0.010915    0.0432733     0.861732    -0.548173    -0.572567 
          25         0.03        0.017      38.0209     149      0.03875   0.00622405    0.0432669     0.895603     -0.72572    -0.818513 
          25         0.03        0.027      30.0154     150      0.03755    0.0055664    0.0396135     0.947909    -0.370707    -0.418761 
          25         0.03        0.043       23.588     151      0.02978   0.00430895    0.0350753      0.84903     -1.22891     -1.35879 
          25         0.03        0.067      18.6584     152      0.02655   0.00418405    0.0308588     0.860369     -1.02983     -1.17981 
          25         0.03         0.11      14.2223     153      0.02491    0.0037591    0.0269588     0.924002    -0.545028    -0.629118 
          25         0.03         0.17       11.048     154      0.02562     0.003895    0.0244051      1.04978     0.311917      0.35898 
          35         0.03        0.017      44.9869     155      0.05337    0.0108338    0.0458069      1.16511     0.698101      0.74734 
          35         0.03        0.027      35.5147     156      0.04213   0.00639252     0.043505     0.968394    -0.215099    -0.237247 
          35         0.03        0.043      27.9097     157      0.04063   0.00618738    0.0386889      1.05017     0.313722     0.341768 
          35         0.03        0.067      22.0769     158      0.03063   0.00470467    0.0338613     0.904572     -0.68683    -0.777529 
          35         0.03         0.11       16.828     159      0.02992   0.00459825    0.0292755      1.02201     0.140161     0.160617 
          35         0.03         0.17      13.0722     160      0.02493   0.00390741    0.0261108     0.954778    -0.302188    -0.342639 
          35         0.03         0.27      9.72778     161       0.0284   0.00442138    0.0239539      1.18561       1.0056      1.15902 
          45         0.03        0.027      40.2699     162      0.05064   0.00916318    0.0456633      1.10899     0.543121     0.579019 
          45         0.03        0.043      31.6467     163      0.04048   0.00628966     0.041159     0.983502    -0.107961    -0.116815 
          45         0.03        0.067      25.0328     164      0.03804   0.00646311    0.0359924      1.05689     0.316817     0.350355 
          45         0.03         0.11      19.0812     165      0.02427    0.0039952    0.0309137      0.78509     -1.66291     -1.88245 
          45         0.03         0.17      14.8225     166      0.02521   0.00413698    0.0272966     0.923558    -0.504377    -0.581194 
          45         0.03         0.27      11.0303     167      0.02092   0.00342916    0.0246431     0.848919     -1.08572     -1.22869 
          60         0.03        0.043      36.5424     168        0.039   0.00742097    0.0434789     0.896987    -0.603543    -0.648996 
          60         0.03        0.067      28.9054     169      0.03913   0.00632334    0.0382165       1.0239     0.144469     0.158003 
          60         0.03         0.11       22.033     170      0.02613   0.00422006    0.0326738     0.799725     -1.55063     -1.71119 
          60         0.03         0.17      17.1155     171      0.02548    0.0043259    0.0285556     0.892294    -0.710975    -0.841718 
          60         0.03         0.27      12.7366     172      0.02165   0.00443614    0.0253463     0.854168    -0.833227     -0.93637 
          60         0.03         0.43      8.91823     173      0.02698   0.00474403    0.0218068      1.23723      1.09045      1.30051 
          90         0.03        0.067      35.4017     174      0.03286    0.0130657    0.0407923     0.805543    -0.607113    -0.619726 
          90         0.03         0.11      26.9848     175      0.03379   0.00657396    0.0348755     0.968875    -0.165121    -0.173731 
          90         0.03         0.17      20.9622     176      0.03622   0.00621656    0.0301307       1.2021     0.979532       1.0796 
          90         0.03         0.27      15.5991     177      0.02668    0.0044977     0.026184      1.01894     0.110284     0.120481 
          90         0.03         0.43      10.9226     178      0.03214    0.0056432    0.0218238      1.47271      1.82808      1.98818 
          90         0.03         0.67      6.65795     179      0.02818   0.00735714    0.0126806      2.22229      2.10672      2.24071 
         200         0.03         0.11      40.2266     180       0.0361   0.00587732    0.0375006     0.962653    -0.238297    -0.310919 
         200         0.03         0.17      31.2485     181       0.0331   0.00525217    0.0324687      1.01944     0.120206     0.157721 
         200         0.03         0.27      23.2538     182       0.0283   0.00434421      0.02739      1.03323     0.209486     0.261432 
         200         0.03         0.43      16.2824     183       0.0309   0.00474765    0.0216562      1.42685      1.94703      2.41488 
         200         0.03         0.67      9.92509     184       0.0297   0.00505179    0.0116209      2.55575      3.57875      4.60087 
         400         0.03         0.27      32.8859     185       0.0322   0.00552584    0.0278984      1.15419     0.778448     0.993046 
         400         0.03         0.43      23.0268     186       0.0293   0.00466459    0.0213759       1.3707      1.69878      2.06925 
         400         0.03         0.67      14.0362     187       0.0289   0.00502204     0.010821      2.67073      3.59994      4.57206 
         800         0.03         0.43      32.5648     188       0.0391   0.00797918    0.0209817      1.86353       2.2707      2.69875 
         800         0.03         0.67      19.8502     189       0.0228   0.00502273    0.0101509       2.2461      2.51837      3.02493 
        1600         0.03         0.67      28.0724     190       0.0214   0.00702497   0.00965322      2.21688      1.67215      1.82807 
