          Q2           xp         beta           mx   iData         Data       ErrTot       Theory        Ratio         Pull      PullUnc 
          12       0.0003         0.67      2.43114       0      0.06314   0.00422849      0.11515     0.548326        -12.3     -42.8818 
          12        0.001          0.2       6.9282       1      0.03227   0.00177925    0.0249091      1.29551      4.13709      12.6529 
          12        0.001         0.32      5.04975       2       0.0365   0.00200318    0.0346622      1.05302     0.917453      2.59323 
          12        0.001          0.5       3.4641       3      0.04438   0.00249596     0.060103     0.738399     -6.29938     -15.5362 
          15        0.001          0.2      7.74597       4      0.04107   0.00543786    0.0258616      1.58807      2.79676      3.14122 
          15        0.001         0.32      5.64579       5       0.0384    0.0020853    0.0368199      1.04292     0.757749      2.31118 
          15        0.001          0.5      3.87298       6      0.04522   0.00252666    0.0617348     0.732488     -6.53622      -17.178 
          20        0.001         0.32       6.5192       7      0.03892   0.00213316    0.0388942      1.00066    0.0121173    0.0345735 
          20        0.001          0.5      4.47214       8      0.04528   0.00251538    0.0634565      0.71356     -7.22612     -19.4719 
          20        0.001          0.8      2.23607       9       0.0451   0.00283987     0.104827     0.430232     -21.0317     -49.2864 
          25        0.001         0.32      7.28869      10      0.05186    0.0128154    0.0396814      1.30691     0.950312     0.980873 
          25        0.001          0.5            5      11      0.04764   0.00268353    0.0644486     0.739193     -6.26362     -17.1146 
          25        0.001          0.8          2.5      12      0.04499   0.00278502     0.101436     0.443531     -20.2677     -46.6927 
          35        0.001          0.5      5.91608      13      0.04718    0.0028087    0.0653166     0.722328      -6.4573     -14.6877 
          35        0.001          0.8      2.95804      14      0.04344   0.00278897    0.0968572     0.448495      -19.153     -40.4316 
          45        0.001          0.8       3.3541      15      0.04048   0.00285463    0.0937672     0.431707      -18.667     -35.8009 
          12        0.003        0.067      12.9269      16      0.02712   0.00155509    0.0242462      1.11853      1.84802      4.60294 
          12        0.003         0.11      9.85347      17      0.02698   0.00150678    0.0232069      1.16259      2.50408      6.29844 
          12        0.003         0.17       7.6543      18      0.02655   0.00147227    0.0221543      1.19841      2.98567      7.45659 
          12        0.003         0.27        5.696      19      0.02751    0.0015435    0.0251768      1.09267      1.51163      3.71931 
          12        0.003         0.43      3.98836      20      0.03388   0.00191624    0.0395778     0.856035     -2.97344     -7.17762 
          12        0.003         0.67      2.43114      21      0.04193   0.00242361     0.073833     0.567903     -13.1634     -28.9866 
          15        0.003        0.067      14.4527      22      0.03764    0.0058291    0.0250872      1.50037      2.15348      2.35202 
          15        0.003         0.11      11.0165      23       0.0278    0.0015568    0.0255413      1.08843      1.45086      3.90455 
          15        0.003         0.17      8.55776      24      0.02732   0.00151053     0.024524      1.11401      1.85102      4.96437 
          15        0.003         0.27      6.36832      25      0.02903    0.0015762    0.0273489      1.06147      1.06655        2.809 
          15        0.003         0.43      4.45912      26      0.03449    0.0018957     0.041328     0.834542     -3.60714     -9.00258 
          15        0.003         0.67       2.7181      27      0.04031   0.00229023    0.0733986     0.549193     -14.4477     -33.0463 
          20        0.003         0.11      12.7208      28      0.02754   0.00157364    0.0277085     0.993918    -0.107098    -0.268362 
          20        0.003         0.17      9.88165      29      0.02996   0.00165378    0.0272774      1.09834      1.62208      4.47692 
          20        0.003         0.27      7.35351      30      0.03194   0.00170842    0.0299526      1.06635      1.16327      3.23912 
          20        0.003         0.43      5.14894      31      0.03618   0.00196608    0.0433525     0.834553     -3.64814     -9.61632 
          20        0.003         0.67      3.13859      32      0.03927   0.00223667    0.0726312     0.540677     -14.9156      -35.275 
          25        0.003         0.11      14.2223      33      0.03645   0.00775255    0.0282458      1.29046      1.05826      1.11529 
          25        0.003         0.17       11.048      34      0.03156   0.00171676    0.0290354      1.08695      1.47059      3.88033 
          25        0.003         0.27      8.22147      35      0.03205   0.00172981    0.0317813      1.00846     0.155355     0.436499 
          25        0.003         0.43      5.75669      36      0.03706   0.00200364    0.0447376     0.828386     -3.83182     -10.3583 
          25        0.003         0.67      3.50905      37      0.03909   0.00225268    0.0719534     0.543269     -14.5885     -34.9086 
          35        0.003         0.17      13.0722      38      0.03132   0.00179729    0.0305837      1.02407     0.409647     0.976095 
          35        0.003         0.27      9.72778      39       0.0333   0.00178178    0.0341508     0.975087    -0.477493     -1.27746 
          35        0.003         0.43      6.81141      40      0.03691   0.00201692    0.0465895     0.792238     -4.79915      -12.254 
          35        0.003         0.67      4.15196      41      0.03975   0.00237371    0.0709143     0.560536     -13.1289     -31.5629 
          45        0.003         0.27      11.0303      42      0.03306   0.00184337    0.0354537     0.932483     -1.29855     -2.99103 
          45        0.003         0.43      7.72342      43      0.03872   0.00213522    0.0477552     0.810802      -4.2315     -10.2925 
          45        0.003         0.67      4.70788      44      0.03844    0.0023571    0.0700894     0.548442     -13.4273     -29.0734 
          60        0.003         0.43      8.91823      45      0.03776   0.00214967     0.048793     0.773881     -5.13242     -10.8591 
          60        0.003         0.67       5.4362      46      0.03728   0.00233559    0.0690716     0.539729     -13.6119     -27.3811 
          90        0.003         0.67      6.65795      47      0.03532   0.00279854    0.0674935      0.52331     -11.4965      -17.184 
          12         0.01         0.02      24.2487      48      0.03014   0.00194421    0.0297722      1.01235     0.189155     0.318786 
          12         0.01        0.032      19.0526      49      0.02966   0.00188288    0.0284457      1.04269     0.644892      1.10045 
          12         0.01         0.05      15.0997      50      0.02732    0.0017153    0.0254243      1.07456      1.10519      1.90627 
          12         0.01         0.08      11.7473      51      0.02545   0.00159322    0.0219857      1.15757      2.17442      3.73957 
          12         0.01         0.13      8.96146      52      0.02165   0.00136807    0.0194028      1.11582      1.64264      2.79014 
          12         0.01          0.2       6.9282      53      0.02283   0.00150609    0.0188145      1.21342      2.66615      4.18655 
          12         0.01         0.32      5.04975      54       0.0242   0.00173786    0.0233165      1.03789     0.508362     0.718584 
          15         0.01         0.02      27.1109      55      0.03639   0.00584544    0.0311677      1.16756     0.893403     0.992847 
          15         0.01        0.032      21.3014      56      0.03226   0.00198524    0.0314608       1.0254     0.402589     0.769344 
          15         0.01         0.05      16.8819      57      0.03067   0.00186281    0.0284484      1.07809      1.19262      2.30685 
          15         0.01         0.08      13.1339      58      0.02573   0.00156213    0.0246109      1.04547     0.716378      1.37537 
          15         0.01         0.13      10.0192      59      0.02381   0.00142064    0.0216186      1.10137      1.54257      3.06794 
          15         0.01          0.2      7.74597      60      0.02299   0.00138284    0.0207246      1.10931      1.63821      3.21909 
          15         0.01         0.32      5.64579      61      0.02456   0.00148563     0.024971     0.983542    -0.276638    -0.510136 
          20         0.01        0.032      24.5967      62      0.03445   0.00225325    0.0342858      1.00479    0.0728733     0.120063 
          20         0.01         0.05      19.4936      63      0.03209   0.00200479    0.0320705      1.00061   0.00972409    0.0180801 
          20         0.01         0.08      15.1658      64      0.02971   0.00185348    0.0279149       1.0643     0.968478      1.72627 
          20         0.01         0.13      11.5692      65      0.02658   0.00159878    0.0244059      1.08908      1.35983      2.58655 
          20         0.01          0.2      8.94427      66      0.02542   0.00156328    0.0230902       1.1009      1.49033      2.70857 
          20         0.01         0.32       6.5192      67      0.02663   0.00158129     0.026962     0.987685    -0.209971    -0.412409 
          20         0.01          0.5      4.47214      68       0.0287   0.00179576    0.0412058     0.696504     -6.96407     -11.9707 
          25         0.01        0.032         27.5      69      0.03306   0.00700256    0.0349078     0.947066    -0.263875    -0.282353 
          25         0.01         0.05      21.7945      70      0.03307   0.00205513    0.0344145     0.960931    -0.654237     -1.26256 
          25         0.01         0.08      16.9558      71      0.03202   0.00196734    0.0303382      1.05544     0.854865      1.66095 
          25         0.01         0.13      12.9347      72      0.02889   0.00176584    0.0264926      1.09049      1.35763      2.57689 
          25         0.01          0.2           10      73      0.02686   0.00160891    0.0248375      1.08143      1.25704       2.5368 
          25         0.01         0.32      7.28869      74      0.02769   0.00168773    0.0283891     0.975374    -0.414225    -0.798391 
          25         0.01          0.5            5      75      0.03028   0.00186216     0.042009     0.720798     -6.29862     -11.4473 
          25         0.01          0.8          2.5      76      0.02928   0.00259966    0.0647447     0.452238     -13.6421      -17.421 
          35         0.01         0.05      25.7876      77      0.03551   0.00235279    0.0363212     0.977666    -0.344776    -0.571096 
          35         0.01         0.08      20.0624      78      0.03243   0.00208765     0.033522     0.967426    -0.523056     -0.87971 
          35         0.01         0.13      15.3046      79      0.03161   0.00190816    0.0294688      1.07266      1.12215      2.15835 
          35         0.01          0.2      11.8322      80      0.02963   0.00178298    0.0273373      1.08387      1.28588       2.3622 
          35         0.01         0.32      8.62409      81      0.02729   0.00173908    0.0303887      0.89803     -1.78182     -3.49918 
          35         0.01          0.5      5.91608      82      0.03171   0.00195602     0.043076      0.73614      -5.8108     -10.0938 
          35         0.01          0.8      2.95804      83       0.0284   0.00194224    0.0618576     0.459119     -17.2263     -27.3899 
          45         0.01         0.08      22.7486      84      0.03368    0.0022267    0.0352095     0.956561    -0.686873     -1.09117 
          45         0.01         0.13      17.3538      85      0.03212   0.00196694    0.0314602      1.02097     0.335425     0.607028 
          45         0.01          0.2      13.4164      86      0.02994   0.00183808    0.0290644      1.03013      0.47637      0.85683 
          45         0.01         0.32       9.7788      87       0.0291   0.00183168    0.0317488     0.916569     -1.44612     -2.73459 
          45         0.01          0.5       6.7082      88      0.03255   0.00203144    0.0437526     0.743955     -5.51462     -9.32912 
          45         0.01          0.8       3.3541      89      0.02606   0.00181019    0.0599359     0.434798      -18.714     -28.9228 
          60         0.01         0.13      20.0384      90      0.03316   0.00216228    0.0333348     0.994757   -0.0808329    -0.129175 
          60         0.01          0.2      15.4919      91      0.03013    0.0018683    0.0308519     0.976602     -0.38637    -0.719751 
          60         0.01         0.32      11.2916      92      0.03138   0.00191238    0.0331567     0.946416    -0.929039     -1.70093 
          60         0.01          0.5      7.74597      93      0.03225   0.00210714    0.0443907     0.726503     -5.76173      -10.441 
          60         0.01          0.8      3.87298      94      0.02516   0.00168685    0.0577941     0.435339     -19.3462     -32.9136 
          90         0.01          0.2      18.9737      95      0.03061   0.00225353    0.0328566     0.931623    -0.996942     -1.44469 
          90         0.01         0.32      13.8293      96      0.03095    0.0020427     0.034849     0.888117     -1.90875     -2.92891 
          90         0.01          0.5      9.48683      97      0.03039   0.00196222     0.045051     0.674568     -7.47168      -12.498 
          90         0.01          0.8      4.74342      98      0.02396   0.00165965    0.0548528     0.436806      -18.614     -29.6971 
         200         0.01         0.32      20.6155      99       0.0321   0.00374182    0.0368412     0.871307     -1.26709     -2.16367 
         200         0.01          0.5      14.1421     100       0.0315   0.00365481    0.0456475     0.690071     -3.87092      -7.0099 
         200         0.01          0.8      7.07107     101       0.0211   0.00261938    0.0494373     0.426803     -10.8184     -15.4695 
         400         0.01          0.8           10     102       0.0196   0.00335813    0.0452285     0.433355     -7.63178      -9.4899 
          12         0.03       0.0067      42.1787     103      0.03331   0.00767562    0.0387487     0.859642    -0.708564    -0.744622 
          12         0.03        0.011      32.8468     104      0.03641   0.00650038    0.0378301     0.962461    -0.218466     -0.23359 
          12         0.03        0.017      26.3416     105      0.03224   0.00582296    0.0351907      0.91615     -0.50674    -0.562672 
          12         0.03        0.027      20.7953     106      0.03637   0.00648305    0.0318566      1.14168     0.696183     0.769732 
          12         0.03        0.043      16.3423     107      0.02906   0.00547185    0.0283441      1.02526     0.130829     0.140473 
          12         0.03        0.067      12.9269     108      0.02413   0.00451985    0.0250172     0.964537    -0.196285    -0.209327 
          15         0.03       0.0067      47.1572     109      0.04792   0.00997542    0.0408092      1.17425     0.712837     0.764805 
          15         0.03        0.011      36.7238     110      0.03531   0.00553455    0.0417093     0.846574     -1.15624     -1.32707 
          15         0.03        0.017      29.4509     111      0.03527   0.00516293    0.0390626      0.90291    -0.734581    -0.855627 
          15         0.03        0.027      23.2499     112      0.03085   0.00465263    0.0352875     0.874247    -0.953763     -1.08222 
          15         0.03        0.043      18.2712     113      0.02592    0.0040625    0.0312445     0.829587     -1.31063      -1.5317 
          15         0.03        0.067      14.4527     114      0.02366   0.00354971    0.0274328      0.86247     -1.06286     -1.20713 
          15         0.03         0.11      11.0165     115      0.02278   0.00357486    0.0237603     0.958741    -0.274225    -0.313417 
          20         0.03        0.011       42.405     116      0.03178   0.00561068     0.045648     0.696198     -2.47171     -2.78857 
          20         0.03        0.017      34.0069     117      0.03851   0.00609639    0.0438218     0.878786    -0.871309    -0.984314 
          20         0.03        0.027      26.8466     118      0.03118   0.00456071    0.0396936     0.785517     -1.86673     -2.10503 
          20         0.03        0.043      21.0978     119      0.02917   0.00425242    0.0349946     0.833558     -1.36971     -1.54919 
          20         0.03        0.067      16.6885     120      0.02773   0.00405503    0.0305417      0.90794    -0.693375    -0.784212 
          20         0.03         0.11      12.7208     121      0.02288   0.00347535    0.0262599      0.87129    -0.972535     -1.09993 
          25         0.03        0.011      47.4102     122      0.03729     0.010915    0.0469988     0.793424    -0.889492    -0.929075 
          25         0.03        0.017      38.0209     123      0.03875   0.00622405    0.0470283     0.823971     -1.33005     -1.50012 
          25         0.03        0.027      30.0154     124      0.03755    0.0055664    0.0429989     0.873278    -0.978897     -1.10579 
          25         0.03        0.043       23.588     125      0.02978   0.00430895    0.0378702      0.78637     -1.87754     -2.07597 
          25         0.03        0.067      18.6584     126      0.02655   0.00418405    0.0329255     0.806365     -1.52377     -1.74569 
          25         0.03         0.11      14.2223     127      0.02491    0.0037591    0.0281583     0.884642    -0.864109    -0.997429 
          25         0.03         0.17       11.048     128      0.02562     0.003895     0.025048      1.02284     0.146866     0.169025 
          35         0.03        0.017      44.9869     129      0.05337    0.0108338    0.0500264      1.06684     0.308627     0.330395 
          35         0.03        0.027      35.5147     130      0.04213   0.00639252    0.0475026     0.886899    -0.840449    -0.926989 
          35         0.03        0.043      27.9097     131      0.04063   0.00618738    0.0420691     0.965792    -0.232589    -0.253382 
          35         0.03        0.067      22.0769     132      0.03063   0.00470467    0.0364516     0.840293      -1.2374     -1.40081 
          35         0.03         0.11       16.828     133      0.02992   0.00459825    0.0309708     0.966071    -0.228525    -0.261877 
          35         0.03         0.17      13.0722     134      0.02493   0.00390741     0.027288     0.913587    -0.603479    -0.684261 
          35         0.03         0.27      9.72778     135       0.0284   0.00442138    0.0266552      1.06546     0.394633     0.454842 
          45         0.03        0.027      40.2699     136      0.05064   0.00916318    0.0500417      1.01196    0.0652945    0.0696102 
          45         0.03        0.043      31.6467     137      0.04048   0.00628966    0.0449652     0.900251    -0.713113    -0.771597 
          45         0.03        0.067      25.0328     138      0.03804   0.00646311    0.0389773     0.975952    -0.145025    -0.160377 
          45         0.03         0.11      19.0812     139      0.02427    0.0039952    0.0329841      0.73581     -2.18113     -2.46909 
          45         0.03         0.17      14.8225     140      0.02521   0.00413698    0.0288744     0.873093    -0.885756     -1.02066 
          45         0.03         0.27      11.0303     141      0.02092   0.00342916    0.0278732     0.750543     -2.02766     -2.29466 
          60         0.03        0.043      36.5424     142        0.039   0.00742097    0.0477179     0.817303     -1.17477     -1.26324 
          60         0.03        0.067      28.9054     143      0.03913   0.00632334    0.0416388     0.939749    -0.396748    -0.433915 
          60         0.03         0.11       22.033     144      0.02613   0.00422006    0.0351736     0.742888       -2.143     -2.36489 
          60         0.03         0.17      17.1155     145      0.02548    0.0043259    0.0305891     0.832977     -1.18104     -1.39823 
          60         0.03         0.27      12.7366     146      0.02165   0.00443614    0.0291631     0.742378      -1.6936     -1.90325 
          60         0.03         0.43      8.91823     147      0.02698   0.00474403    0.0345217     0.781538     -1.58972     -1.89594 
          90         0.03        0.067      35.4017     148      0.03286    0.0130657    0.0447671     0.734021    -0.911325    -0.930258 
          90         0.03         0.11      26.9848     149      0.03379   0.00657396    0.0379592     0.890166      -0.6342    -0.667271 
          90         0.03         0.17      20.9622     150      0.03622   0.00621656    0.0327893      1.10463     0.551866     0.608246 
          90         0.03         0.27      15.5991     151      0.02668    0.0044977    0.0307854     0.866646    -0.912768    -0.997165 
          90         0.03         0.43      10.9226     152      0.03214    0.0056432    0.0354193     0.907415    -0.581103    -0.631993 
          90         0.03         0.67      6.65795     153      0.02818   0.00735714    0.0448454     0.628381      -2.2652     -2.40927 
         200         0.03         0.11      40.2266     154       0.0361   0.00587732    0.0414385      0.87117    -0.908327     -1.18514 
         200         0.03         0.17      31.2485     155       0.0331   0.00525217    0.0362274     0.913673    -0.595453    -0.781287 
         200         0.03         0.27      23.2538     156       0.0283   0.00434421    0.0333768     0.847894     -1.16864     -1.45843 
         200         0.03         0.43      16.2824     157       0.0309   0.00474765    0.0366661     0.842741     -1.21451     -1.50634 
         200         0.03         0.67      9.92509     158       0.0297   0.00505179    0.0427761     0.694313      -2.5884     -3.32767 
         400         0.03         0.27      32.8859     159       0.0322   0.00552584    0.0348234     0.924665    -0.474752    -0.605629 
         400         0.03         0.43      23.0268     160       0.0293   0.00466459    0.0373242     0.785012     -1.72025      -2.0954 
         400         0.03         0.67      14.0362     161       0.0289   0.00502204    0.0410493     0.704031     -2.41921     -3.07249 
         800         0.03         0.43      32.5648     162       0.0391   0.00797918    0.0375731      1.04064     0.191363     0.227437 
         800         0.03         0.67      19.8502     163       0.0228   0.00502273    0.0395246     0.576856     -3.32978     -3.99956 
        1600         0.03         0.67      28.0724     164       0.0214   0.00702497    0.0383704     0.557722     -2.41572     -2.64099 
