          Q2           xp         beta           mx   iData         Data       ErrTot       Theory        Ratio         Pull      PullUnc 
        15.3         0.05       0.0056      52.1233       0     0.054145   0.00811453    0.0399355      1.35581      1.75111      3.72143 
        15.3        0.075       0.0056      52.1233       1     0.065416    0.0134549    0.0467883      1.39813      1.38446      2.84757 
        15.3        0.016       0.0178       29.056       2     0.038896   0.00488992    0.0277787      1.40021      2.27351      5.89227 
        15.3        0.025       0.0178       29.056       3     0.036244   0.00430694    0.0286938      1.26313      1.75303      4.67564 
        15.3        0.035       0.0178       29.056       4     0.036465     0.004779    0.0297626       1.2252      1.40247      3.16622 
        15.3         0.05       0.0178       29.056       5     0.038896   0.00488311    0.0322312      1.20678      1.36486      3.36236 
        15.3        0.075       0.0178       29.056       6     0.046631   0.00708055    0.0380064      1.22693      1.21807      2.63415 
        15.3         0.09       0.0178       29.056       7     0.051714     0.010362    0.0421359      1.22731     0.924341      1.82886 
        15.3       0.0085       0.0562      16.0294       8     0.029614   0.00462396    0.0224209      1.32082      1.55562      5.39768 
        15.3        0.016       0.0562      16.0294       9     0.026962   0.00309171    0.0214014      1.25982      1.79855      5.27259 
        15.3        0.025       0.0562      16.0294      10     0.024973   0.00287819    0.0214513      1.16417       1.2236      3.12687 
        15.3        0.035       0.0562      16.0294      11     0.026741   0.00376925    0.0223682      1.19549      1.16012      2.63747 
        15.3         0.05       0.0562      16.0294      12      0.03094   0.00415461    0.0246958      1.25285      1.50297      3.47652 
        15.3        0.075       0.0562      16.0294      13     0.038454   0.00614687    0.0300543      1.27948       1.3665      2.82658 
        15.3         0.09       0.0562      16.0294      14     0.035802   0.00746547    0.0338379      1.05805     0.263095     0.516178 
        15.3       0.0025        0.178      8.40566      15     0.030056   0.00319415    0.0225482      1.33296      2.35047      7.26865 
        15.3       0.0085        0.178      8.40566      16     0.024531   0.00260699    0.0187573      1.30781      2.21471      6.84881 
        15.3        0.016        0.178      8.40566      17     0.021658   0.00249406    0.0175067      1.23712      1.66446      4.85756 
        15.3        0.025        0.178      8.40566      18     0.021437   0.00308417    0.0173408      1.23622      1.32813      3.09891 
        15.3        0.035        0.178      8.40566      19     0.025857     0.010347    0.0178834      1.44586     0.770618      1.36017 
        15.3         0.05        0.178      8.40566      20     0.029614    0.0102513    0.0194556      1.52213     0.990934      1.78572 
        15.3       0.0009        0.562      3.45314      21      0.03978   0.00757963    0.0365397      1.08868     0.427505     0.863435 
        15.3       0.0025        0.562      3.45314      22     0.038233   0.00458334     0.030274       1.2629       1.7365      8.30027 
        15.3       0.0085        0.562      3.45314      23     0.035802   0.00407577    0.0242796      1.47457      2.82705      9.64259 
        15.3        0.016        0.562      3.45314      24     0.033371    0.0128481    0.0219868      1.51777     0.886063      1.54904 
        15.3        0.035        0.562      3.45314      25     0.020774     0.010735    0.0204092      1.01787    0.0339795    0.0605479 
        26.5        0.075       0.0056      68.5977      26     0.079339    0.0247778    0.0533035      1.48844      1.05076      1.93032 
        26.5        0.025       0.0178      38.2396      27     0.039559   0.00658084    0.0334853      1.18138      0.92294      1.89047 
        26.5        0.035       0.0178      38.2396      28     0.044642    0.0077914    0.0354957      1.25767       1.1739      2.38234 
        26.5         0.05       0.0178      38.2396      29      0.05525   0.00814596    0.0382803       1.4433      2.08321      4.50031 
        26.5        0.075       0.0178      38.2396      30     0.055029    0.0113724    0.0442162      1.24454     0.950797      1.91494 
        26.5       0.0085       0.0562      21.0957      31     0.034697   0.00653788    0.0258533      1.34207      1.35268      3.79957 
        26.5        0.016       0.0562      21.0957      32      0.03315   0.00408189     0.025491      1.30046      1.87634      4.66773 
        26.5        0.025       0.0562      21.0957      33     0.029614   0.00370329    0.0254275      1.16465      1.13049      2.54979 
        26.5        0.035       0.0562      21.0957      34     0.034697   0.00536178    0.0262103      1.32379      1.58282      3.30535 
        26.5         0.05       0.0562      21.0957      35     0.040664   0.00581978    0.0284147      1.43109      2.10477      4.70447 
        26.5        0.075       0.0562      21.0957      36     0.046631   0.00723472    0.0337017      1.38364      1.78712      3.64071 
        26.5         0.09       0.0562      21.0957      37     0.052377    0.0105271    0.0374879      1.39717      1.41435      2.80916 
        26.5       0.0025        0.178      11.0624      38     0.030498   0.00399163    0.0244568      1.24702      1.51348      3.65825 
        26.5       0.0085        0.178      11.0624      39     0.027846   0.00353567    0.0212406      1.31098      1.86822      4.68467 
        26.5        0.016        0.178      11.0624      40     0.024973   0.00336228    0.0197526      1.26429      1.55264      3.80076 
        26.5        0.025        0.178      11.0624      41     0.020553   0.00294525    0.0194179      1.05846     0.385405     0.839793 
        26.5        0.035        0.178      11.0624      42       0.0221   0.00447234     0.019841      1.11385     0.505102      1.04303 
        26.5         0.05        0.178      11.0624      43     0.023205    0.0120568    0.0212956      1.08966     0.158364     0.278645 
        26.5        0.075        0.178      11.0624      44     0.037349    0.0284064    0.0249351      1.49785     0.437011     0.765551 
        26.5       0.0009        0.562      4.54456      45     0.053261    0.0229803    0.0364446      1.46142     0.731777      1.30653 
        26.5       0.0025        0.562      4.54456      46     0.041769   0.00753627    0.0304238      1.37291      1.50541      7.33032 
        26.5       0.0085        0.562      4.54456      47      0.03094   0.00390641    0.0244045       1.2678      1.67302      4.89124 
        26.5        0.025        0.562      4.54456      48     0.030056    0.0181922    0.0209173       1.4369     0.502339     0.882897 
          46         0.05       0.0178      50.3812      49     0.069173    0.0131403    0.0432148      1.60068      1.97546      3.86624 
          46        0.075       0.0178      50.3812      50     0.048178    0.0166424    0.0500747     0.962122    -0.113971    -0.207208 
          46        0.016       0.0562       27.794      51     0.036023   0.00654281    0.0285953      1.25975      1.13525      2.34312 
          46        0.025       0.0562       27.794      52     0.038012   0.00665438     0.029001      1.31071      1.35414      2.75647 
          46        0.035       0.0562       27.794      53     0.034918   0.00590858    0.0298099      1.17136     0.864528      1.72248 
          46         0.05       0.0562       27.794      54     0.043979   0.00721376    0.0319734      1.37549      1.66426      3.48465 
          46        0.075       0.0562       27.794      55     0.046852    0.0081196    0.0372458      1.25792      1.18309      2.41635 
          46         0.09       0.0562       27.794      56     0.059007    0.0103727    0.0410575      1.43718      1.73047      3.30002 
          46       0.0085        0.178      14.5749      57     0.026741   0.00407298    0.0233022      1.14757     0.844287      1.91168 
          46        0.016        0.178      14.5749      58     0.029393   0.00405964    0.0217185      1.35336      1.89043      4.28895 
          46        0.025        0.178      14.5749      59     0.029835   0.00514288    0.0212558      1.40362      1.66817        3.383 
          46        0.035        0.178      14.5749      60     0.028509    0.0045173    0.0215815      1.32099      1.53355       3.1407 
          46         0.05        0.178      14.5749      61     0.032708   0.00538064    0.0229395      1.42584      1.81549      3.75768 
          46        0.075        0.178      14.5749      62     0.044421   0.00927176    0.0264808      1.67748      1.93493      3.78241 
          46         0.09        0.178      14.5749      63     0.039117    0.0108588     0.029076      1.34534     0.924694      1.87893 
          46       0.0025        0.562      5.98753      64     0.043316   0.00618707    0.0302451      1.43217      2.11262      5.80626 
          46       0.0085        0.562      5.98753      65     0.029835   0.00417978    0.0243052      1.22751      1.32299      3.56631 
          46        0.016        0.562      5.98753      66     0.027404    0.0041772     0.021977      1.24694       1.2992      2.77716 
          46        0.025        0.562      5.98753      67     0.023426   0.00586235    0.0207976      1.12638     0.448357     0.863086 
          46        0.035        0.562      5.98753      68     0.029835   0.00835849    0.0202831      1.47093      1.14278      2.04542 
          46         0.05        0.562      5.98753      69      0.02652    0.0120667     0.020254      1.30937      0.51928     0.900138 
          80        0.035       0.0562      36.6536      70     0.050167    0.0173923    0.0327505      1.53179      1.00139      1.82721 
          80         0.05       0.0562      36.6536      71     0.051935    0.0143739    0.0351364      1.47809      1.16868      2.15636 
          80        0.075       0.0562      36.6536      72     0.047736    0.0206119     0.040516       1.1782     0.350283     0.630202 
          80       0.0085        0.178      19.2208      73     0.045526    0.0127262    0.0245817      1.85203      1.64576      3.06701 
          80        0.016        0.178      19.2208      74     0.029393   0.00713548    0.0233398      1.25935     0.848325      1.58416 
          80        0.025        0.178      19.2208      75     0.032266   0.00729811    0.0228305      1.41328      1.29286       2.4369 
          80        0.035        0.178      19.2208      76     0.035802   0.00932475    0.0230873      1.55073      1.36355      2.53672 
          80         0.05        0.178      19.2208      77     0.032266   0.00896821    0.0243656      1.32424     0.880932      1.63234 
          80        0.075        0.178      19.2208      78     0.040443    0.0188444    0.0278184      1.45382      0.66994      1.20061 
          80       0.0085        0.562      7.89612      79     0.025636   0.00561639    0.0240396      1.06641     0.284238     0.622716 
          80        0.016        0.562      7.89612      80      0.01989   0.00540426    0.0217321     0.915235    -0.340865     -0.66154 
          80        0.025        0.562      7.89612      81     0.022984   0.00743695      0.02055      1.11844     0.327282     0.622935 
          80        0.035        0.562      7.89612      82     0.024089    0.0108888    0.0200204      1.20323     0.373654     0.675601 
         200         0.05       0.0562      57.9545      83     0.035802    0.0174588    0.0376177     0.951733    -0.103999    -0.181124 
         200        0.075       0.0562      57.9545      84     0.063648    0.0409655    0.0446234      1.42634     0.464406     0.807848 
         200        0.016        0.178      30.3907      85     0.032045    0.0116307    0.0243758      1.31462     0.659387      1.19662 
         200        0.025        0.178      30.3907      86     0.043979    0.0129167    0.0246168      1.78654        1.499      2.75162 
         200        0.035        0.178      30.3907      87     0.037349    0.0148262     0.024988      1.49468     0.833725      1.50436 
         200         0.05        0.178      30.3907      88     0.051935    0.0188618    0.0262435      1.97896      1.36209      2.47343 
         200        0.075        0.178      30.3907      89     0.046189    0.0284113    0.0296067      1.56009     0.583651      1.02574 
         200       0.0085        0.562      12.4849      90     0.024089   0.00869132    0.0233087      1.03348    0.0897799     0.170488 
         200        0.016        0.562      12.4849      91     0.020553   0.00853771    0.0211182     0.973234   -0.0662059    -0.119574 
         200        0.025        0.562      12.4849      92     0.016354   0.00804992     0.019961     0.819298    -0.448077    -0.816877 
         200        0.035        0.562      12.4849      93     0.034918    0.0205146    0.0194255      1.79753     0.755194      1.34449 
         200         0.05        0.562      12.4849      94     0.033371    0.0168694    0.0193249      1.72684     0.832638       1.4514 
         200        0.075        0.562      12.4849      95     0.050388    0.0437681     0.020081      2.50923     0.692443      1.20294 
