          Q2           xp         beta           mx   iData         Data       ErrTot       Theory        Ratio         Pull      PullUnc 
          12       0.0003         0.67      2.43114       0      0.06314   0.00422849    0.0470417      1.34221      3.80709      13.2728 
          12        0.001          0.2       6.9282       1      0.03227   0.00177925    0.0234666      1.37514      4.94781      15.1324 
          12        0.001         0.32      5.04975       2       0.0365   0.00200318    0.0278761      1.30937      4.30511      12.1686 
          12        0.001          0.5       3.4641       3      0.04438   0.00249596    0.0339064       1.3089      4.19624      10.3492 
          15        0.001          0.2      7.74597       4      0.04107   0.00543786    0.0235591      1.74327      3.22018      3.61679 
          15        0.001         0.32      5.64579       5       0.0384    0.0020853    0.0286601      1.33984      4.67074       14.246 
          15        0.001          0.5      3.87298       6      0.04522   0.00252666    0.0343263      1.31736      4.31149      11.3312 
          20        0.001         0.32       6.5192       7      0.03892   0.00213316    0.0292144      1.33222       4.5499      12.9819 
          20        0.001          0.5      4.47214       8      0.04528   0.00251538    0.0346982      1.30497      4.20683       11.336 
          20        0.001          0.8      2.23607       9       0.0451   0.00283987    0.0343852      1.31161        3.773      8.84177 
          25        0.001         0.32      7.28869      10      0.05186    0.0128154    0.0291613      1.77838       1.7712      1.82816 
          25        0.001          0.5            5      11      0.04764   0.00268353     0.034835      1.36759      4.77168       13.038 
          25        0.001          0.8          2.5      12      0.04499   0.00278502    0.0329468      1.36554      4.32428      9.96226 
          35        0.001          0.5      5.91608      13      0.04718    0.0028087    0.0346179      1.36288      4.47257      10.1732 
          35        0.001          0.8      2.95804      14      0.04344   0.00278897    0.0311873      1.39287      4.39327      9.27408 
          45        0.001          0.8       3.3541      15      0.04048   0.00285463    0.0299633      1.35099      3.68409      7.06564 
          12        0.003        0.067      12.9269      16      0.02712   0.00155509    0.0209251      1.29605      3.98364      9.92219 
          12        0.003         0.11      9.85347      17      0.02698   0.00150678    0.0206701      1.30526      4.18764       10.533 
          12        0.003         0.17       7.6543      18      0.02655   0.00147227    0.0205827      1.28992      4.05315      10.1226 
          12        0.003         0.27        5.696      19      0.02751    0.0015435    0.0220238       1.2491      3.55435      8.74532 
          12        0.003         0.43      3.98836      20      0.03388   0.00191624    0.0259361      1.30629      4.14557       10.007 
          12        0.003         0.67      2.43114      21      0.04193   0.00242361    0.0309247      1.35588      4.54089      9.99929 
          15        0.003        0.067      14.4527      22      0.03764    0.0058291    0.0213763      1.76083      2.79008      3.04731 
          15        0.003         0.11      11.0165      23       0.0278    0.0015568    0.0219982      1.26374      3.72673      10.0293 
          15        0.003         0.17      8.55776      24      0.02732   0.00151053    0.0218549      1.25006      3.61802      9.70341 
          15        0.003         0.27      6.36832      25      0.02903    0.0015762    0.0230371      1.26014      3.80215      10.0138 
          15        0.003         0.43      4.45912      26      0.03449    0.0018957    0.0265415      1.29948      4.19293      10.4646 
          15        0.003         0.67       2.7181      27      0.04031   0.00229023    0.0305177      1.32087      4.27567      9.77976 
          20        0.003         0.11      12.7208      28      0.02754   0.00157364    0.0231035      1.19203      2.81924      7.06435 
          20        0.003         0.17      9.88165      29      0.02996   0.00165378    0.0232697      1.28751      4.04547      11.1654 
          20        0.003         0.27      7.35351      30      0.03194   0.00170842    0.0242225      1.31861      4.51732      12.5784 
          20        0.003         0.43      5.14894      31      0.03618   0.00196608    0.0272228      1.32903      4.55589      12.0091 
          20        0.003         0.67      3.13859      32      0.03927   0.00223667    0.0299404       1.3116      4.17119      9.86475 
          25        0.003         0.11      14.2223      33      0.03645   0.00775255    0.0231482      1.57463      1.71579      1.80826 
          25        0.003         0.17       11.048      34      0.03156   0.00171676    0.0240826      1.31049      4.35554      11.4926 
          25        0.003         0.27      8.22147      35      0.03205   0.00172981      0.02503      1.28046      4.05826      11.4024 
          25        0.003         0.43      5.75669      36      0.03706   0.00200364    0.0276858      1.33859      4.67859      12.6474 
          25        0.003         0.67      3.50905      37      0.03909   0.00225268    0.0294103      1.32913      4.29699      10.2822 
          35        0.003         0.17      13.0722      38      0.03132   0.00179729    0.0245563      1.27544      3.76329      8.96705 
          35        0.003         0.27      9.72778      39       0.0333   0.00178178    0.0259525      1.28311      4.12368      11.0323 
          35        0.003         0.43      6.81141      40      0.03691   0.00201692    0.0281947      1.30911      4.32108      11.0333 
          35        0.003         0.67      4.15196      41      0.03975   0.00237371    0.0287289      1.38363        4.643      11.1621 
          45        0.003         0.27      11.0303      42      0.03306   0.00184337    0.0263412      1.25507      3.64484      8.39538 
          45        0.003         0.43      7.72342      43      0.03872   0.00213522     0.028463      1.36036      4.80372      11.6843 
          45        0.003         0.67      4.70788      44      0.03844    0.0023571    0.0282174      1.36228      4.33693      9.39052 
          60        0.003         0.43      8.91823      45      0.03776   0.00214967    0.0286226      1.31924      4.25059       8.9933 
          60        0.003         0.67       5.4362      46      0.03728   0.00233559    0.0276265      1.34943      4.13322      8.31423 
          90        0.003         0.67      6.65795      47      0.03532   0.00279854    0.0267722      1.31928      3.05436       4.5654 
          12         0.01         0.02      24.2487      48      0.03014   0.00194421    0.0242936      1.24066      3.00711      5.06791 
          12         0.01        0.032      19.0526      49      0.02966   0.00188288    0.0227557      1.30341      3.66689      6.25724 
          12         0.01         0.05      15.0997      50      0.02732    0.0017153     0.020615      1.32525      3.90896      6.74235 
          12         0.01         0.08      11.7473      51      0.02545   0.00159322    0.0186314      1.36597      4.27975      7.36034 
          12         0.01         0.13      8.96146      52      0.02165   0.00136807    0.0173472      1.24804      3.14516      5.34226 
          12         0.01          0.2       6.9282      53      0.02283   0.00150609    0.0172806      1.32113      3.68463      5.78584 
          12         0.01         0.32      5.04975      54       0.0242   0.00173786    0.0189095      1.27978      3.04425      4.30314 
          15         0.01         0.02      27.1109      55      0.03639   0.00584544    0.0253215      1.43712      1.89353       2.1043 
          15         0.01        0.032      21.3014      56      0.03226   0.00198524    0.0247563      1.30311      3.77978      7.22311 
          15         0.01         0.05      16.8819      57      0.03067   0.00186281    0.0225642      1.35923      4.35138      8.41673 
          15         0.01         0.08      13.1339      58      0.02573   0.00156213     0.020268      1.26949      3.49653      6.71297 
          15         0.01         0.13      10.0192      59      0.02381   0.00142064    0.0186421      1.27722      3.63773      7.23492 
          15         0.01          0.2      7.74597      60      0.02299   0.00138284    0.0182963      1.25654      3.39427      6.66977 
          15         0.01         0.32      5.64579      61      0.02456   0.00148563    0.0196335      1.25093      3.31614      6.11515 
          20         0.01        0.032      24.5967      62      0.03445   0.00225325    0.0265658      1.29678      3.49903      5.76488 
          20         0.01         0.05      19.4936      63      0.03209   0.00200479    0.0248272      1.29253      3.62272      6.73577 
          20         0.01         0.08      15.1658      64      0.02971   0.00185348    0.0222708      1.33403      4.01363      7.15411 
          20         0.01         0.13      11.5692      65      0.02658   0.00159878    0.0202359      1.31351      3.96811      7.54776 
          20         0.01          0.2      8.94427      66      0.02542   0.00156328    0.0195324      1.30143      3.76621      6.84483 
          20         0.01         0.32       6.5192      67      0.02663   0.00158129    0.0204929      1.29947      3.88106      7.62287 
          20         0.01          0.5      4.47214      68       0.0287   0.00179576     0.023043       1.2455       3.1502      5.41496 
          25         0.01        0.032         27.5      69      0.03306   0.00700256    0.0268352      1.23197     0.888937     0.951184 
          25         0.01         0.05      21.7945      70      0.03307   0.00205513    0.0261754       1.2634       3.3548      6.47415 
          25         0.01         0.08      16.9558      71      0.03202   0.00196734    0.0236497      1.35393       4.2546      8.26642 
          25         0.01         0.13      12.9347      72      0.02889   0.00176584    0.0213713      1.35181      4.25785      8.08173 
          25         0.01          0.2           10      73      0.02686   0.00160891    0.0204169      1.31558      4.00462      8.08164 
          25         0.01         0.32      7.28869      74      0.02769   0.00168773    0.0211074      1.31186      3.90027      7.51751 
          25         0.01          0.5            5      75      0.03028   0.00186216    0.0232441       1.3027      3.77837      6.86692 
          25         0.01          0.8          2.5      76      0.02928   0.00259966    0.0215448      1.35903      2.97545      3.79966 
          35         0.01         0.05      25.7876      77      0.03551   0.00235279    0.0271942      1.30579      3.53446      5.85457 
          35         0.01         0.08      20.0624      78      0.03243   0.00208765     0.025452      1.27416       3.3425      5.62164 
          35         0.01         0.13      15.3046      79      0.03161   0.00190816    0.0229734      1.37594      4.52613      8.70558 
          35         0.01          0.2      11.8322      80      0.02963   0.00178298    0.0216486      1.36868      4.47644      8.22332 
          35         0.01         0.32      8.62409      81      0.02729   0.00173908    0.0219014      1.24604      3.09851      6.08492 
          35         0.01          0.5      5.91608      82      0.03171   0.00195602    0.0234451      1.35252      4.22535      7.33977 
          35         0.01          0.8      2.95804      83       0.0284   0.00194224    0.0204157      1.39109       4.1109      6.53635 
          45         0.01         0.08      22.7486      84      0.03368    0.0022267     0.026328      1.27925      3.30176       5.2452 
          45         0.01         0.13      17.3538      85      0.03212   0.00196694    0.0240057      1.33801      4.12532       7.4657 
          45         0.01          0.2      13.4164      86      0.02994   0.00183808    0.0224752      1.33213      4.06117      7.30468 
          45         0.01         0.32       9.7788      87       0.0291   0.00183168     0.022421      1.29789      3.64637      6.89522 
          45         0.01          0.5       6.7082      88      0.03255   0.00203144    0.0235429      1.38258      4.43385      7.50077 
          45         0.01          0.8       3.3541      89      0.02606   0.00181019    0.0196442       1.3266      3.54426       5.4777 
          60         0.01         0.13      20.0384      90      0.03316   0.00216228     0.024921      1.33061      3.81035      6.08912 
          60         0.01          0.2      15.4919      91      0.03013    0.0018683    0.0233056      1.29282      3.65273      6.80449 
          60         0.01         0.32      11.2916      92      0.03138   0.00191238    0.0229419       1.3678      4.41236      8.07834 
          60         0.01          0.5      7.74597      93      0.03225   0.00210714    0.0236044      1.36627      4.10303      7.43526 
          60         0.01          0.8      3.87298      94      0.02516   0.00168685    0.0188057      1.33789      3.76698      6.40873 
          90         0.01          0.2      18.9737      95      0.03061   0.00225353    0.0241626      1.26683      2.86103      4.14598 
          90         0.01         0.32      13.8293      96      0.03095    0.0020427     0.023533      1.31517      3.63096      5.57159 
          90         0.01          0.5      9.48683      97      0.03039   0.00196222    0.0236069      1.28734      3.45687      5.78238 
          90         0.01          0.8      4.74342      98      0.02396   0.00165965    0.0177031      1.35343         3.77      6.01473 
         200         0.01         0.32      20.6155      99       0.0321   0.00374182    0.0239672      1.33933      2.17349      3.71144 
         200         0.01          0.5      14.1421     100       0.0315   0.00365481    0.0233567      1.34865      2.22809      4.03488 
         200         0.01          0.8      7.07107     101       0.0211   0.00261938    0.0157862      1.33661      2.02866      2.90084 
         400         0.01          0.8           10     102       0.0196   0.00335813    0.0143492      1.36593      1.56361       1.9443 
          12         0.03       0.0067      42.1787     103      0.03331   0.00767562    0.0314507      1.05912      0.24224     0.254568 
          12         0.03        0.011      32.8468     104      0.03641   0.00650038    0.0293071      1.24236      1.09269      1.16834 
          12         0.03        0.017      26.3416     105      0.03224   0.00582296    0.0266332      1.21052     0.962879      1.06916 
          12         0.03        0.027      20.7953     106      0.03637   0.00648305    0.0238333      1.52602      1.93377      2.13806 
          12         0.03        0.043      16.3423     107      0.02906   0.00547185    0.0212969      1.36452      1.41873      1.52331 
          12         0.03        0.067      12.9269     108      0.02413   0.00451985    0.0192312      1.25473      1.08384      1.15585 
          15         0.03       0.0067      47.1572     109      0.04792   0.00997542    0.0330632      1.44935      1.48934      1.59792 
          15         0.03        0.011      36.7238     110      0.03531   0.00553455    0.0320092      1.10312     0.596392     0.684506 
          15         0.03        0.017      29.4509     111      0.03527   0.00516293    0.0292631      1.20527      1.16346      1.35518 
          15         0.03        0.027      23.2499     112      0.03085   0.00465263    0.0261196      1.18111      1.01672      1.15366 
          15         0.03        0.043      18.2712     113      0.02592    0.0040625    0.0231913      1.11766     0.671683     0.784975 
          15         0.03        0.067      14.4527     114      0.02366   0.00354971    0.0207697      1.13916     0.814247     0.924776 
          15         0.03         0.11      11.0165     115      0.02278   0.00357486    0.0186455      1.22174      1.15655      1.32185 
          20         0.03        0.011       42.405     116      0.03178   0.00561068    0.0347076      0.91565    -0.521787    -0.588678 
          20         0.03        0.017      34.0069     117      0.03851   0.00609639    0.0324203      1.18783     0.998897      1.12845 
          20         0.03        0.027      26.8466     118      0.03118   0.00456071    0.0289844      1.07575     0.481419     0.542878 
          20         0.03        0.043      21.0978     119      0.02917   0.00425242    0.0255805      1.14032     0.844114     0.954722 
          20         0.03        0.067      16.6885     120      0.02773   0.00405503    0.0227017       1.2215      1.24003      1.40248 
          20         0.03         0.11      12.7208     121      0.02288   0.00347535    0.0201255      1.13687     0.792582     0.896405 
          25         0.03        0.011      47.4102     122      0.03729     0.010915     0.035543      1.04915     0.160054     0.167177 
          25         0.03        0.017      38.0209     123      0.03875   0.00622405    0.0344265      1.12559     0.694646     0.783466 
          25         0.03        0.027      30.0154     124      0.03755    0.0055664    0.0310222      1.21042      1.17271      1.32472 
          25         0.03        0.043       23.588     125      0.02978   0.00430895    0.0273178      1.09013     0.571407     0.631796 
          25         0.03        0.067      18.6584     126      0.02655   0.00418405    0.0241062      1.10138     0.584084     0.669151 
          25         0.03         0.11      14.2223     127      0.02491    0.0037591    0.0211962      1.17521     0.987939      1.14036 
          25         0.03         0.17       11.048     128      0.02562     0.003895    0.0194745      1.31556      1.57778      1.81584 
          35         0.03        0.017      44.9869     129      0.05337    0.0108338    0.0363036       1.4701      1.57528      1.68639 
          35         0.03        0.027      35.5147     130      0.04213   0.00639252    0.0338198      1.24572      1.29999      1.43384 
          35         0.03        0.043      27.9097     131      0.04063   0.00618738    0.0298778      1.35987      1.73776      1.89311 
          35         0.03        0.067      22.0769     132      0.03063   0.00470467    0.0262032      1.16894     0.940929      1.06518 
          35         0.03         0.11       16.828     133      0.02992   0.00459825    0.0227824       1.3133      1.55225      1.77879 
          35         0.03         0.17      13.0722     134      0.02493   0.00390741    0.0206492      1.20731      1.09555       1.2422 
          35         0.03         0.27      9.72778     135       0.0284   0.00442138    0.0196934       1.4421       1.9692      2.26964 
          45         0.03        0.027      40.2699     136      0.05064   0.00916318    0.0353377      1.43303      1.66998      1.78035 
          45         0.03        0.043      31.6467     137      0.04048   0.00628966    0.0316036      1.28087      1.41127      1.52701 
          45         0.03        0.067      25.0328     138      0.03804   0.00646311    0.0276767      1.37444      1.60346      1.77319 
          45         0.03         0.11      19.0812     139      0.02427    0.0039952    0.0238963      1.01564    0.0935365     0.105885 
          45         0.03         0.17      14.8225     140      0.02521   0.00413698    0.0214651      1.17447     0.905233       1.0431 
          45         0.03         0.27      11.0303     141      0.02092   0.00342916    0.0202214      1.03455     0.203721     0.230546 
          60         0.03        0.043      36.5424     142        0.039   0.00742097    0.0331986      1.17475     0.781753     0.840628 
          60         0.03        0.067      28.9054     143      0.03913   0.00632334    0.0292033      1.33992      1.56985      1.71691 
          60         0.03         0.11       22.033     144      0.02613   0.00422006    0.0250916      1.04138     0.246056     0.271533 
          60         0.03         0.17      17.1155     145      0.02548    0.0043259    0.0223363      1.14075     0.726727     0.860367 
          60         0.03         0.27      12.7366     146      0.02165   0.00443614    0.0207712      1.04231     0.198095     0.222617 
          60         0.03         0.43      8.91823     147      0.02698   0.00474403    0.0205903      1.31033      1.34689      1.60634 
          90         0.03        0.067      35.4017     148      0.03286    0.0130657    0.0309352      1.06222     0.147314     0.150374 
          90         0.03         0.11      26.9848     149      0.03379   0.00657396     0.026584      1.27106      1.09614       1.1533 
          90         0.03         0.17      20.9622     150      0.03622   0.00621656    0.0234369      1.54543      2.05631      2.26638 
          90         0.03         0.27      15.5991     151      0.02668    0.0044977    0.0214484      1.24392      1.16317      1.27072 
          90         0.03         0.43      10.9226     152      0.03214    0.0056432    0.0207779      1.54683      2.01341      2.18973 
          90         0.03         0.67      6.65795     153      0.02818   0.00735714    0.0185236       1.5213      1.31252        1.396 
         200         0.03         0.11      40.2266     154       0.0361   0.00587732    0.0282528      1.27775      1.33516      1.74205 
         200         0.03         0.17      31.2485     155       0.0331   0.00525217    0.0250703      1.32029      1.52884      2.00597 
         200         0.03         0.27      23.2538     156       0.0283   0.00434421     0.022477      1.25906       1.3404      1.67278 
         200         0.03         0.43      16.2824     157       0.0309   0.00474765    0.0209528      1.47474      2.09519      2.59864 
         200         0.03         0.67      9.92509     158       0.0297   0.00505179    0.0174582      1.70121      2.42326      3.11536 
         400         0.03         0.27      32.8859     159       0.0322   0.00552584    0.0229317      1.40417      1.67727      2.13965 
         400         0.03         0.43      23.0268     160       0.0293   0.00466459    0.0209427      1.39905      1.79164      2.18237 
         400         0.03         0.67      14.0362     161       0.0289   0.00502204    0.0166077      1.74015      2.44767      3.10863 
         800         0.03         0.43      32.5648     162       0.0391   0.00797918    0.0207457      1.88473      2.30028      2.73391 
         800         0.03         0.67      19.8502     163       0.0228   0.00502273    0.0158622      1.43738      1.38127      1.65911 
        1600         0.03         0.67      28.0724     164       0.0214   0.00702497    0.0152683       1.4016     0.872848      0.95424 
